5 8 15 19 35 37 39 40 41 71 74 92 105 113 125 144 150 156 167 176 185 187 196 204 205 220 222 233 243 244 255 264 286 294 295 304 312 317 330 339 341 359 362 363 366 376 383 387 390 399 408 410 433 446 461 462 475 507 515 521 529 530 551 560 578 583 595 604 610 614 621 627 629 636 642 649 657 659 660 669 672 677 680 695 699 706 712 731 732 734 737 741 761 764 765 779 806 811 841 843 863 864 870 872 877 878 887 890 897
5 15 16 19 30 33 38 39 50 53 60 66 69 71 73 74 77 81 82 85 88 106 127 132 144 151 157 160 170 176 179 180 187 188 190 207 217 225 232 239 258 259 263 267 270 308 324 332 336 340 345 352 357 372 374 376 386 387 394 397 402 406 413 417 421 424 435 440 441 453 473 478 483 485 492 495 505 506 507 522 525 551 552 574 575 576 577 589 600 602 615 621 629 630 634 636 642 657 669 676 677 685 686 689 691 694 696 708 723 742 751 782 786 792 799 804 810 816 828 832 856 863 882 889
0 4 5 11 13 16 30 40 42 55 63 81 86 99 107 122 135 137 138 142 151 180 185 192 201 203 204 205 232 233 239 243 245 286 287 288 289 306 315 321 324 336 338 343 349 357 359 360 364 376 383 394 406 412 418 434 438 443 446 451 452 458 472 473 477 483 487 490 500 502 506 516 525 540 554 567 579 582 593 598 604 605 618 642 643 645 648 662 668 680 685 686 692 696 701 708 717 721 724 733 736 738 756 761 769 781 797 804 807 814 829 846 849 850 855 862 867 876 887 890
42 44 54 76 80 81 85 91 101 105 107 109 119 120 134 146 149 150 151 154 156 159 161 165 167 182 183 195 201 203 207 215 219 222 232 236 241 248 250 258 264 270 279 285 293 304 305 307 312 313 318 322 329 337 343 355 356 361 364 365 369 373 374 375 381 382 385 387 395 397 399 401 407 412 415 416 441 445 448 452 453 455 462 464 472 478 483 485 487 489 493 510 511 526 531 537 544 555 562 577 579 594 595 617 623 627 628 643 646 649 661 662 664 666 672 674 676 679 685 691 695 696 721 723 738 740 744 749 751 766 775 776 779 787 792 797 800 809 812 814 822 835 841 845 848 851 881 882 886 887 888 891 893 896
14 48 55 59 67 71 75 77 81 83 85 95 96 110 112 113 129 131 133 138 143 152 159 160 162 167 175 193 194 203 205 209 214 215 217 225 226 230 232 235 240 245 248 263 264 271 272 275 286 295 304 318 334 336 337 339 351 360 369 377 380 381 389 395 408 410 415 418 419 421 432 434 438 443 452 457 459 462 468 469 471 483 488 498 500 502 519 523 527 535 536 544 545 548 550 558 565 570 593 594 597 599 609 611 624 625 627 637 655 667 691 699 710 712 722 723 739 741 744 746 750 753 760 765 776 778 780 781 784 790 791 792 799 808 811 820 823 829 834 835 838 842 844 850 853 860 861 882 895
0 2 21 33 38 45 52 55 62 69 77 85 105 108 119 121 125 126 129 130 134 138 140 147 156 161 168 173 175 182 185 188 189 195 202 203 205 213 215 227 230 233 247 255 257 259 261 267 275 284 287 292 295 307 309 321 343 344 355 359 364 370 371 373 376 387 389 397 400 401 412 417 434 439 446 453 455 459 471 472 476 507 512 546 549 559 570 576 597 600 605 608 612 613 615 616 627 630 633 646 649 657 660 668 672 677 682 683 696 698 701 708 712 721 734 744 750 765 770 774 777 778 786 791 797 801 804 805 818 829 838 839 840 841 844 845 848 850 861 864 872 877 885 893 897
5 20 35 43 50 59 63 66 68 86 112 113 122 127 134 141 146 150 152 154 159 163 168 169 181 185 211 216 217 218 221 229 230 243 246 250 261 270 271 272 274 280 281 288 289 303 308 312 316 318 324 332 341 349 355 371 374 376 381 388 394 395 397 408 410 414 415 431 432 438 443 449 451 452 457 464 466 476 483 484 496 498 517 524 526 529 539 544 546 552 561 570 575 578 581 582 595 597 600 618 629 633 644 646 656 657 661 663 672 673 676 685 686 696 707 710 720 731 733 750 751 752 755 766 770 773 795 798 813 820 823 834 838 840 842 845 847 853 854 855 864 866 869 870 881 890 893 894 895
31 38 50 53 69 72 81 85 105 119 129 132 141 149 150 151 160 166 180 183 187 199 203 208 217 219 220 227 232 241 244 247 251 253 258 260 287 289 293 303 304 340 356 357 364 366 392 400 401 425 432 435 462 468 476 485 489 505 515 519 539 545 559 560 609 613 618 619 651 673 679 682 691 699 700 710 760 765 779 783 810 819 821 826 836 841 857 859 864 866 887 889 897 898
13 17 42 63 66 73 82 85 127 133 146 151 153 157 175 187 188 189 193 205 213 219 222 225 244 250 255 268 276 281 286 290 292 293 295 306 310 317 321 336 340 361 362 376 386 398 405 413 417 420 452 457 463 472 475 484 496 504 511 514 515 526 532 539 546 549 550 552 565 567 576 583 604 607 615 617 625 626 648 651 672 691 693 699 706 712 721 731 733 746 749 752 757 760 763 779 787 795 807 818 822 824 826 840 842 843 851 864 865 869 890 899
4 7 17 21 24 25 27 29 35 36 38 48 69 79 86 87 110 111 120 145 154 155 159 161 164 167 172 176 182 183 184 187 188 202 203 207 210 217 224 233 240 255 263 264 270 271 272 276 284 297 302 305 307 308 309 317 329 330 332 334 338 343 346 347 352 355 358 359 370 373 377 384 390 394 395 404 406 418 424 438 439 450 452 453 456 457 458 459 463 472 485 488 489 498 501 502 505 511 514 536 542 543 545 549 557 575 576 592 594 596 598 599 600 601 605 611 613 616 622 627 643 644 646 657 665 671 679 680 682 689 692 696 697 698 700 702 705 710 713 714 718 724 734 739 750 752 753 755 758 760 765 774 807 809 811 815 818 820 827 829 834 845 846 852 855 875 876 882 889 898
8 35 39 42 56 66 74 81 82 85 88 92 93 127 129 132 134 137 144 147 156 174 179 183 185 207 210 220 222 227 229 233 243 249 250 253 258 268 275 278 281 298 305 311 317 355 359 388 397 401 405 408 409 415 418 440 452 453 461 478 495 503 505 511 516 519 522 546 552 584 598 622 627 643 651 653 655 681 683 687 697 705 712 720 740 742 751 752 754 756 761 765 774 779 782 812 824 840 842 847 869 873 885 887 889 890 896 897
31 56 77 80 85 92 98 113 120 132 133 150 151 160 180 195 215 225 229 230 243 259 267 268 285 303 305 312 326 332 339 364 370 376 380 386 392 394 397 399 409 410 419 448 475 477 479 485 492 503 516 526 544 549 558 560 565 576 583 588 589 590 593 602 604 627 636 662 666 667 674 680 685 686 689 696 704 710 713 731 734 740 753 779 783 802 804 806 807 808 810 811 815 836 840 854 857 859 862 863 865 879 882 889 891 894 899
2 11 31 40 44 46 50 72 79 90 91 93 99 103 122 127 153 156 157 174 179 182 202 204 207 222 226 233 253 257 264 265 285 289 290 318 336 338 348 355 356 374 380 397 399 402 413 414 415 432 434 435 461 466 473 475 478 484 492 497 504 511 522 546 555 557 561 595 601 617 618 622 626 633 648 657 669 673 680 681 682 689 694 706 715 716 732 738 746 757 767 780 782 783 789 800 802 804 810 814 822 834 836 879 880 889 890 894
3 20 40 69 70 72 73 74 77 79 89 105 107 113 122 134 165 179 187 192 195 199 215 220 225 226 232 233 249 264 265 274 275 278 279 292 295 299 303 318 324 327 348 349 351 355 364 397 412 419 425 427 462 474 476 478 489 495 506 522 529 546 552 561 573 579 582 589 602 618 635 648 651 661 672 673 680 696 697 699 700 706 738 757 763 767 780 808 821 862 874 880 881 887
2 11 17 20 21 39 46 50 70 73 80 86 87 112 123 128 129 132 156 160 164 165 179 182 184 201 202 215 239 240 244 247 249 254 265 268 275 282 287 313 338 343 350 351 356 357 360 366 380 383 387 388 394 395 396 413 418 430 433 452 461 472 474 478 480 492 506 519 531 550 555 561 565 569 572 573 575 576 578 589 590 597 603 604 605 613 619 626 633 643 662 664 667 670 672 676 679 680 682 686 697 712 725 734 737 738 751 760 764 765 772 778 787 797 804 811 818 824 845 849 859 861 863 864 869 872 874 888 894 897
20 30 39 40 44 50 54 89 91 121 127 130 138 139 148 150 160 168 170 173 183 185 187 188 199 202 210 218 219 226 250 259 265 268 273 285 289 290 292 308 317 356 357 363 366 384 388 389 397 399 408 412 413 435 437 440 446 453 473 475 477 507 516 532 534 539 550 552 564 576 590 595 597 601 606 616 622 630 643 656 661 670 682 687 697 699 710 712 715 717 734 737 741 758 783 789 790 799 808 810 840 852 857 859 863 871 890 891
4 21 27 38 41 43 63 68 75 77 98 112 119 124 129 132 133 139 152 161 163 166 183 213 218 219 232 237 239 240 247 263 268 270 273 278 289 297 308 316 348 356 359 365 373 380 383 401 402 406 415 420 426 453 474 477 485 492 496 504 509 515 530 534 536 541 543 546 549 551 554 555 560 574 589 591 594 597 598 602 617 631 637 644 645 649 655 657 662 663 673 678 685 687 694 695 697 731 732 739 760 763 764 789 791 792 797 806 810 811 813 814 823 828 833 836 846 847 850 864 867 869 877 898
8 18 30 38 39 45 50 53 56 58 71 74 79 81 86 98 101 105 107 108 110 122 127 128 129 136 139 152 156 159 162 166 187 192 196 197 210 213 215 219 225 232 245 258 274 287 288 292 293 299 304 311 317 346 348 361 362 383 386 388 390 393 398 400 402 412 413 414 425 443 452 453 477 493 495 500 502 504 522 531 539 544 552 559 563 565 569 577 589 600 602 623 626 630 642 643 647 661 673 674 683 684 685 691 704 706 729 731 742 759 772 773 776 786 787 789 804 813 814 821 831 832 839 841 844 855 869 879 888 899
1 2 5 35 40 44 64 72 81 87 90 93 112 122 128 141 145 151 157 160 197 209 223 225 239 253 256 257 268 275 297 305 317 330 332 352 356 366 388 394 400 402 419 435 462 468 473 474 495 503 505 525 534 555 571 573 575 579 590 626 629 633 634 651 653 664 669 677 694 706 720 729 732 737 740 757 758 767 768 779 797 809 813 814 819 844 845 847 850 855 866 877 880 882 887
1 4 15 16 18 25 37 68 69 91 96 107 116 119 121 129 133 147 152 153 163 166 173 187 204 215 216 218 229 230 233 236 239 243 246 253 255 267 270 274 279 285 304 328 340 342 357 373 384 386 388 401 410 440 448 461 468 478 481 502 503 506 519 529 532 543 552 582 590 594 601 606 614 624 630 645 646 659 662 667 671 675 679 683 688 691 694 710 723 728 737 739 746 748 749 751 762 782 800 801 802 804 824 830 840 842 843 846 848 850 865 880 897 898
2 5 6 11 19 33 62 66 77 91 103 105 120 121 124 126 130 152 185 199 219 220 226 233 251 259 261 263 270 274 284 285 286 298 311 315 316 332 334 341 347 381 384 392 402 426 427 437 443 452 474 484 490 495 514 526 532 534 553 573 576 579 606 611 619 623 626 627 649 655 669 680 681 683 693 696 700 704 705 710 720 724 733 749 750 752 756 757 765 774 776 777 792 797 798 807 808 809 813 819 822 824 836 842 846 850 854 863 866 867 869 879 889 891
11 26 35 44 48 50 52 53 63 69 73 80 93 98 103 122 135 138 161 163 168 176 185 199 215 229 230 251 260 274 281 286 292 293 299 303 304 315 330 345 348 352 356 360 371 388 402 409 414 415 418 424 450 457 461 466 468 476 496 500 503 504 509 554 561 566 568 583 597 615 618 627 646 661 662 663 664 676 677 678 681 686 705 706 720 721 733 738 748 752 754 757 760 769 776 783 786 789 795 798 799 811 821 824 826 841 864 877 891 895
1 40 41 60 75 76 86 107 110 113 119 137 147 150 160 163 182 184 195 216 227 238 239 244 245 250 255 258 259 264 266 272 285 291 293 295 303 304 318 324 330 339 340 360 372 398 410 414 416 421 432 433 434 442 446 451 458 461 483 484 489 500 504 515 519 526 531 574 575 584 589 604 631 642 646 648 656 678 689 696 706 715 724 731 738 740 744 754 756 763 764 776 782 786 791 800 803 805 808 810 811 812 826 841 844 845 850 861 862 864 872 877 880 890
14 17 31 40 44 52 69 80 86 93 105 107 136 146 150 159 163 167 182 187 188 192 193 195 199 202 229 233 240 241 243 256 260 286 287 288 289 290 312 321 326 334 348 349 355 359 374 379 384 394 399 408 415 426 433 437 440 441 448 468 473 475 485 497 504 569 579 589 593 604 614 617 619 629 642 651 666 671 673 678 712 717 732 733 737 739 748 761 774 782 804 814 824 839 845 846 871 897
11 18 21 31 35 43 64 77 92 96 119 122 139 150 160 166 176 204 208 215 219 232 245 253 257 275 286 321 330 374 383 386 387 397 398 406 410 413 414 415 418 438 446 469 495 496 504 505 506 525 526 534 551 555 560 566 576 583 590 618 651 657 677 685 689 706 713 721 731 752 760 761 774 776 782 786 797 799 809 824 849 850 854 872 873 874 880 882 887 897 899
2 5 8 40 56 63 79 86 91 103 107 119 125 129 139 152 153 166 182 187 210 215 222 236 245 263 267 270 287 292 296 313 322 336 368 385 386 388 397 401 402 408 416 418 421 433 436 437 453 466 468 471 476 477 481 485 496 497 512 518 519 521 524 531 534 535 541 544 546 551 552 568 577 579 583 594 617 620 621 630 636 664 666 667 672 677 680 691 692 694 696 699 706 710 712 727 740 746 747 764 787 792 799 805 811 814 816 828 850 863 864 872 880 891 895 897
17 40 44 53 56 81 87 107 112 122 127 134 139 144 147 151 193 196 220 224 226 227 233 237 243 247 249 256 257 259 268 273 281 285 286 289 295 299 324 336 347 349 351 352 357 360 361 394 416 419 426 461 485 500 502 507 521 560 573 574 602 619 643 648 661 662 679 682 685 686 687 694 696 700 708 712 724 727 739 742 749 752 756 757 764 770 772 778 786 792 795 797 800 808 813 814 815 816 840 849 871 873 882 898 899
14 19 20 30 40 68 73 87 99 107 108 137 138 150 167 168 174 179 180 193 205 215 220 239 244 257 258 281 285 287 288 327 332 341 366 384 400 406 412 413 419 433 437 452 469 475 477 485 510 519 529 530 573 575 595 605 607 613 614 629 630 636 645 648 656 659 672 682 697 699 705 729 758 763 787 795 808 813 824 867 870 873 874 879 891 895 896 898
5 8 18 19 21 30 68 72 80 89 91 105 110 119 126 127 132 138 145 147 151 157 166 182 187 188 203 204 224 227 241 255 258 268 288 303 317 332 359 366 374 376 380 389 401 406 435 443 452 477 483 505 510 525 531 534 546 550 559 561 562 565 570 582 583 584 593 594 602 605 614 615 626 646 655 659 691 694 699 704 705 712 737 754 756 758 779 797 807 812 815 821 824 829 832 839 843 849 852 870 874 880 881
2 19 21 31 35 38 43 44 50 72 75 92 99 108 113 136 137 143 149 150 156 185 204 205 209 227 229 241 245 249 257 272 295 305 307 318 327 330 355 359 360 364 390 394 399 410 421 424 426 432 435 437 443 446 463 473 475 477 492 503 506 516 530 531 557 558 561 567 573 583 594 617 633 649 656 662 673 686 697 706 713 720 737 739 746 779 781 782 783 786 800 805 807 808 822 830 834 840 846 852 864 865 869 870 882 896
2 18 27 46 56 63 68 73 75 77 87 91 96 99 133 134 144 148 149 150 153 157 165 183 188 193 199 205 215 220 222 227 229 232 233 239 258 259 276 279 312 321 336 341 348 351 362 397 401 426 450 496 502 531 539 546 555 559 565 568 601 617 626 633 655 657 661 664 672 678 687 693 706 710 779 805 806 807 813 815 816 818 824 826 843 867 872 890 891 896
0 3 14 28 41 42 48 50 54 60 67 71 82 88 104 105 107 127 132 142 154 159 163 169 176 183 193 196 200 201 203 209 215 216 219 220 222 226 237 240 251 253 265 272 273 276 287 290 300 301 306 308 313 331 333 336 338 341 348 351 355 356 376 380 389 393 408 409 410 425 426 427 430 435 439 446 450 467 468 477 485 507 521 536 543 550 552 579 583 589 600 605 607 609 626 636 645 647 655 659 660 662 669 682 684 688 691 694 695 709 714 715 716 723 724 726 736 745 761 765 771 776 780 781 786 799 800 803 806 812 818 819 822 834 843 848 852 857 860 865 877 884 898
0 6 14 16 33 35 43 44 61 69 71 85 86 105 106 108 120 125 130 133 135 140 147 154 156 160 167 174 184 187 193 194 196 207 210 215 218 220 232 233 235 256 265 270 277 278 281 292 305 307 311 317 329 349 350 352 353 356 361 384 398 407 425 432 437 451 461 467 487 492 493 495 500 504 505 512 519 520 522 526 531 536 539 545 561 566 575 595 602 604 614 621 622 627 630 656 664 670 674 676 677 679 680 682 706 717 725 733 737 746 748 750 761 764 768 778 780 795 806 812 829 837 849 850 871 880 893 896 899
15 16 21 37 42 46 57 60 61 63 74 75 76 89 90 108 113 121 138 142 147 152 159 168 169 183 203 204 209 214 215 216 222 236 247 250 258 264 265 267 268 270 273 277 280 289 293 304 305 308 312 313 321 328 329 330 332 345 352 362 370 373 374 379 380 385 388 392 395 412 421 427 429 432 436 448 451 453 457 458 466 469 498 500 509 510 513 519 530 549 552 554 566 570 572 582 583 588 593 602 613 620 623 627 630 645 647 651 658 659 668 673 674 679 683 693 694 699 705 709 712 731 732 734 754 756 758 774 778 781 783 785 787 802 803 807 808 813 828 836 841 843 846 852 857 866 870 885 890 892 896
4 5 7 15 21 37 40 44 48 49 74 81 83 107 109 113 115 127 137 138 140 147 154 161 163 165 173 174 187 193 202 205 215 219 234 255 256 257 275 278 285 292 293 299 304 308 314 315 339 356 362 368 387 389 390 392 398 435 436 437 440 453 460 474 476 479 490 503 504 507 511 513 518 525 528 534 535 540 543 546 550 562 579 582 583 591 595 597 604 605 609 611 615 621 625 629 636 640 662 668 678 698 699 700 718 721 723 727 731 734 738 746 754 758 763 764 774 786 792 798 804 805 828 833 844 846 850 860 869 874 882 885
11 19 27 44 50 53 72 74 96 105 112 113 127 132 139 153 160 161 180 183 197 202 204 205 219 222 229 232 237 240 272 279 280 286 327 340 347 348 349 363 379 384 427 440 448 462 476 493 496 497 504 505 506 552 571 575 585 589 590 593 606 609 613 614 616 619 625 627 657 670 671 677 693 716 737 749 754 756 761 765 770 776 782 803 809 813 814 815 824 829 841 843 846 847 850 854 872 873 881 887 898
1 8 14 38 40 41 46 53 54 56 74 82 93 96 98 99 108 119 138 160 163 173 183 191 199 210 216 229 239 240 247 249 253 255 258 259 263 277 279 281 285 291 298 310 320 341 360 363 376 393 395 399 401 406 408 410 414 421 425 435 446 454 474 476 478 489 492 500 506 532 560 562 577 582 602 615 617 618 645 661 673 674 675 678 687 689 704 706 710 737 742 751 752 758 767 791 807 811 814 815 821 826 829 841 846 850 852 861 862 864 872 873 879 882 886
5 12 30 31 66 68 73 75 80 105 107 108 112 113 119 127 133 134 138 149 152 159 161 162 165 170 182 183 184 188 192 193 201 207 216 217 219 223 224 247 249 250 255 256 265 267 275 277 279 282 288 290 295 304 330 348 356 359 400 410 412 413 415 416 427 440 442 452 462 466 467 469 477 485 489 504 507 515 519 531 538 555 572 575 602 607 616 617 627 643 657 669 671 673 675 683 720 732 758 763 770 774 777 780 782 791 844 849 867 869 872 881 891
9 17 43 50 77 87 89 105 108 128 139 141 145 159 160 161 163 174 176 182 188 195 205 222 223 228 237 239 241 243 245 249 259 267 278 280 285 298 304 324 327 340 355 360 362 364 376 384 386 388 400 408 410 419 426 432 434 440 443 458 461 463 469 476 485 495 496 503 516 532 536 550 555 576 577 602 613 615 618 630 664 666 673 674 678 679 681 691 695 700 704 705 710 729 741 746 758 765 767 774 784 786 789 791 800 807 811 824 831 834 837 841 847 848 850 865 872 877 880 885 894 897
14 20 31 34 35 39 40 51 63 65 81 88 91 98 121 137 144 147 153 157 159 173 183 187 188 194 225 229 230 233 239 241 257 262 269 274 297 298 299 303 304 316 321 330 355 362 364 366 374 388 393 394 404 410 412 432 446 451 468 469 474 477 489 496 502 505 521 527 529 531 534 547 566 574 578 581 583 584 589 600 604 617 618 630 639 643 646 655 657 675 677 680 693 695 704 712 721 741 758 759 800 802 805 810 839 842 845 847 848 854 867 873 874 877 889 890 891
25 29 37 45 51 53 56 58 63 64 75 81 83 85 108 125 129 138 140 147 151 153 161 174 188 189 195 204 211 214 217 218 220 225 229 233 237 240 257 266 272 276 277 286 298 300 308 327 333 340 356 357 362 380 386 387 390 398 403 408 409 412 417 420 433 438 440 451 453 473 474 477 483 491 494 495 516 524 530 532 540 554 555 559 561 568 569 572 594 597 601 614 615 629 640 652 655 674 681 693 696 699 718 729 738 741 748 755 758 766 767 774 780 781 789 797 822 824 829 832 845 846 849 863 865 871 891
3 20 27 31 60 66 68 80 93 107 134 141 148 174 199 216 220 226 227 240 277 281 288 297 304 324 330 341 351 356 366 394 397 398 400 410 413 435 475 496 497 505 510 526 531 534 543 551 573 575 591 597 604 648 669 671 672 677 704 713 734 748 760 765 782 783 795 803 811 829 836 847 880 882 889 896
2 15 17 30 38 44 53 69 77 87 89 109 141 156 165 182 199 210 215 229 237 253 255 264 277 279 281 287 297 324 336 339 355 359 389 397 401 406 410 413 432 435 438 440 450 452 461 489 497 502 529 539 582 583 595 602 618 623 656 664 678 681 683 693 704 712 720 721 737 740 751 756 765 774 790 799 802 803 833 845 846 854 879
0 14 17 31 39 40 50 55 56 63 75 80 90 110 125 126 129 134 137 139 145 148 156 159 161 166 168 174 176 177 180 184 185 189 213 215 219 229 230 237 250 251 260 261 285 290 303 306 308 315 327 330 332 336 344 347 351 356 362 370 374 386 388 402 406 408 427 438 446 452 453 458 466 473 498 503 504 506 507 510 515 519 525 534 540 546 552 557 561 562 569 575 579 581 582 594 595 601 605 618 645 656 657 659 660 669 674 685 687 688 689 696 705 712 731 742 746 777 781 790 792 795 802 805 806 807 824 836 838 841 842 848 852 854 860 869 871 876 882 885 889 890 897 899
2 22 23 40 43 44 52 60 68 71 72 74 81 83 94 98 100 102 103 104 107 116 119 122 124 129 133 139 140 142 158 177 186 188 189 192 198 202 203 204 211 219 227 229 233 237 241 245 249 265 272 273 280 286 303 304 305 313 327 328 337 339 347 351 354 358 366 368 375 377 381 385 401 409 412 413 416 435 439 458 462 475 478 498 500 502 504 507 516 519 523 524 528 531 534 560 565 587 590 591 597 599 600 601 609 610 614 625 626 627 634 650 658 660 661 666 673 674 681 695 713 717 723 725 728 734 739 741 752 753 758 760 767 775 777 787 798 800 801 804 807 810 811 822 824 830 840 841 844 860 883 897 898
2 5 16 18 22 25 32 33 35 43 44 46 52 57 62 76 85 88 90 96 103 105 106 108 119 122 134 138 141 173 176 188 193 194 206 208 219 220 221 230 234 235 239 251 257 263 268 270 271 273 274 275 284 288 290 309 319 332 336 340 341 344 351 361 363 365 382 387 394 395 397 402 406 408 424 427 435 454 456 457 458 461 464 468 469 472 477 480 485 489 506 507 511 521 522 527 530 531 537 546 549 561 572 578 584 593 594 598 606 619 620 623 637 655 658 659 671 672 679 680 714 718 722 725 736 741 763 769 772 777 778 779 794 801 802 810 824 833 852 860 870 873 877 882 885 887 889 899
10 13 15 17 35 41 48 49 53 56 60 61 62 66 67 71 73 81 85 94 95 96 108 116 124 129 139 142 143 147 152 155 164 173 176 181 182 183 185 190 195 205 208 251 257 261 270 275 278 284 286 290 298 299 307 310 318 334 336 340 346 351 355 359 360 363 366 378 380 386 392 394 405 408 410 416 418 439 440 443 451 452 457 459 461 476 483 501 515 522 526 535 545 550 565 571 576 588 589 594 600 601 605 611 615 616 618 619 621 628 642 656 657 661 665 666 669 672 676 679 683 689 691 692 698 702 732 744 756 759 762 769 775 780 781 798 800 801 805 807 821 824 828 833 835 842 857 862 863 870 882 885 897
3 19 20 27 72 86 87 91 107 122 138 144 149 153 157 159 163 199 219 220 257 259 267 278 285 289 304 324 334 341 355 357 359 374 389 400 406 414 415 427 432 435 437 450 452 489 492 496 497 502 529 539 552 560 561 568 569 582 583 590 593 615 621 627 629 648 653 657 661 669 677 691 693 694 699 705 712 724 741 749 754 758 760 774 786 787 795 803 805 811 826 841 842 872 874 877 895 896
1 10 13 17 22 30 40 41 44 46 50 51 52 53 64 80 87 91 92 99 108 121 127 132 133 134 136 139 142 144 161 169 181 182 187 189 202 203 209 224 232 239 243 258 260 273 279 286 289 302 304 315 334 335 337 338 341 349 354 356 360 381 383 386 390 392 398 405 418 424 428 431 440 448 468 489 490 492 504 507 510 516 522 526 531 532 539 553 555 566 567 568 578 590 598 602 606 609 610 616 623 661 665 669 682 692 702 705 710 717 721 723 725 731 733 736 737 745 746 749 752 758 764 767 778 780 799 810 811 812 814 841 843 844 845 849 850 852 854 857 859 861 863 867 890 897
0 1 11 19 21 22 31 35 37 43 50 63 64 68 72 85 92 95 112 122 127 137 138 144 145 152 157 161 166 173 185 196 199 215 217 218 220 230 245 251 255 257 259 260 263 265 270 272 277 285 291 299 304 308 310 316 327 336 341 348 351 356 361 381 394 398 426 435 448 450 451 453 462 478 502 506 525 552 554 559 561 566 577 582 589 593 594 602 616 629 636 645 648 660 661 672 673 695 702 708 731 748 752 754 760 795 803 811 818 819 822 835 840 841 849 854 874 877 899
4 6 17 24 25 29 33 42 43 50 51 52 56 62 86 88 90 96 98 102 108 109 117 120 134 136 138 139 149 156 163 182 183 184 195 203 205 213 214 219 222 236 237 238 246 251 253 261 266 268 270 272 275 277 280 288 289 310 315 326 338 340 344 349 351 361 366 371 378 384 405 409 419 420 424 428 432 433 435 438 439 444 446 452 458 459 461 468 471 488 491 495 496 498 499 505 514 515 519 525 526 527 530 552 558 565 569 570 574 578 583 595 602 609 616 618 619 620 622 629 640 645 648 649 651 656 660 665 670 678 683 696 700 708 710 724 736 737 740 750 753 766 771 795 800 804 822 829 844 871 872 875 876 889 898
15 17 27 29 36 40 42 44 51 54 55 64 66 69 71 74 75 89 91 94 95 103 110 131 134 135 138 140 149 158 168 173 174 180 185 187 194 204 212 213 219 223 226 232 233 236 237 239 247 248 251 263 272 275 276 285 287 288 298 310 312 313 318 324 336 341 360 369 372 400 401 417 418 420 421 426 432 436 437 440 453 457 460 461 464 465 468 472 482 484 492 496 521 536 545 554 557 559 560 561 568 573 588 602 607 620 649 657 660 661 667 672 674 682 689 692 693 699 702 707 708 713 716 718 725 729 731 733 734 739 743 745 754 755 758 760 777 795 801 803 810 813 819 826 827 836 842 843 851 859 861 865 867 869 873 885 893 895 896 899
3 30 43 44 53 61 66 77 81 93 106 117 119 122 136 153 156 161 162 165 168 175 183 185 188 194 201 209 225 233 237 241 242 247 255 257 266 279 282 290 295 299 304 305 314 317 325 326 334 341 344 350 352 356 372 374 383 386 388 393 394 397 400 406 416 417 429 433 438 439 441 474 483 493 495 500 503 510 511 512 515 531 532 537 541 549 559 562 565 570 579 582 590 601 607 617 634 645 646 653 659 673 674 681 687 693 694 696 697 699 700 701 711 720 723 724 739 750 758 761 763 765 768 772 775 778 782 791 792 800 802 805 807 814 816 819 827 836 862 865 867 874 885 894 895 897
13 20 27 77 85 95 105 113 126 134 142 145 156 161 181 183 190 194 197 201 205 215 218 228 237 243 245 255 257 260 264 265 270 275 276 279 287 292 293 299 303 306 311 312 321 324 327 340 341 343 347 352 355 356 361 362 365 376 384 386 390 398 401 412 414 418 427 451 466 473 485 489 490 496 498 502 505 514 515 529 536 543 580 589 599 607 613 619 628 642 643 646 654 661 662 663 671 677 678 679 682 685 691 695 696 697 702 715 716 718 723 725 727 729 736 738 739 744 745 775 779 781 782 786 797 803 806 814 816 822 834 838 839 845 849 862 864 866 877 882 886 887 890 891 896 898 899
14 39 41 44 46 64 77 80 83 86 90 92 96 97 103 108 112 113 117 138 152 159 166 182 191 197 217 218 237 258 260 267 273 289 295 339 348 355 370 372 385 388 389 395 397 402 412 414 415 435 436 443 447 451 459 469 475 484 489 493 497 500 504 511 515 516 529 550 561 564 590 593 595 604 615 625 626 627 647 652 656 660 674 677 681 691 694 697 720 727 729 730 731 733 737 740 741 751 757 780 788 804 805 812 819 821 824 829 841 842 867 871 875 881 888 889 899
17 31 40 43 89 119 129 145 152 156 173 188 203 204 205 207 209 210 222 239 251 258 265 266 272 273 281 288 293 310 318 324 326 340 347 348 350 356 359 362 374 386 412 413 435 437 440 452 453 467 484 489 507 511 519 529 539 543 552 557 571 579 583 594 602 607 609 617 642 643 645 651 653 661 664 673 678 691 693 696 699 710 716 720 732 737 751 763 768 786 800 805 810 815 836 843 855 857 859 880 887 889 899
3 5 8 14 21 27 34 38 46 51 66 68 70 72 82 99 106 118 119 121 122 130 136 139 148 149 159 161 165 171 182 186 193 202 207 228 231 253 259 260 261 263 274 277 288 299 308 316 323 324 327 330 333 338 341 348 359 364 372 376 389 390 401 409 413 423 432 474 478 480 493 505 509 511 526 531 540 541 546 552 557 558 561 565 576 581 591 602 605 606 622 630 632 638 646 647 669 672 676 677 683 687 705 708 715 734 735 742 747 749 763 764 775 776 777 780 783 799 809 812 815 821 829 831 836 846 854 866 870 877 887 891 895 897 898
1 2 4 5 38 39 43 62 63 72 87 91 98 107 122 125 129 135 138 144 145 159 170 173 189 195 202 205 207 216 223 225 247 272 274 275 287 289 290 299 304 312 317 321 343 348 359 361 363 398 401 414 415 448 458 466 468 475 477 484 492 495 500 516 519 522 540 550 557 582 583 595 626 640 642 646 659 661 664 671 672 674 683 696 697 699 700 704 720 721 725 746 748 749 754 756 758 774 778 780 781 784 786 792 806 834 843 844 845 849 855 863 864 867 869 873 877 881 887 894 895 896
2 3 11 31 33 39 79 80 92 105 108 109 121 132 137 139 151 152 154 166 195 204 215 220 232 233 250 253 256 274 299 308 324 330 341 351 376 381 390 392 402 414 427 433 438 440 443 472 479 506 519 525 551 566 578 584 590 591 594 595 597 609 616 621 622 627 629 630 633 648 651 660 672 673 677 693 694 695 696 699 712 724 739 742 754 761 787 797 798 804 805 806 808 814 824 835 840 856 859 867 880 896
0 11 13 17 20 27 30 32 46 49 56 63 71 74 84 86 89 92 100 103 117 119 124 130 133 134 137 144 146 148 153 154 156 160 161 163 169 183 194 200 210 218 224 227 229 233 234 236 239 240 243 245 258 261 293 295 299 307 313 314 324 327 339 342 343 349 352 357 360 375 380 381 386 387 388 396 397 401 426 431 436 456 458 459 473 475 490 495 497 505 507 517 518 530 531 537 541 543 544 554 565 567 569 577 582 584 591 601 602 614 615 616 626 660 664 672 679 683 691 708 709 716 717 720 725 731 744 751 753 763 764 767 769 783 786 791 795 803 809 813 816 836 841 845 852 861 866 870 877 884 885 894 899
1 5 19 40 41 44 45 48 49 54 56 60 63 69 72 74 76 77 79 80 88 96 106 130 132 134 148 149 161 166 210 211 215 216 219 233 240 241 245 253 257 259 264 280 285 290 297 302 305 307 310 316 322 349 356 371 383 389 398 410 413 415 432 437 443 445 452 457 462 466 490 492 497 499 504 507 518 519 522 526 527 528 535 537 539 548 552 557 560 562 566 571 578 581 602 619 622 625 629 631 640 642 648 661 662 663 689 693 698 705 707 708 710 751 756 758 760 763 766 772 774 782 791 797 802 807 808 811 826 842 844 845 847 849 855 863 869 872 886 889 890 896 898
7 11 15 16 19 20 22 31 32 33 39 45 60 62 80 86 93 99 110 111 119 125 126 133 135 136 138 142 153 173 177 182 190 193 199 209 225 227 240 243 248 260 272 274 275 276 279 281 285 289 298 310 315 339 354 361 369 386 395 411 424 433 435 437 443 450 451 455 461 472 473 478 481 483 502 504 509 510 514 525 529 530 532 539 552 557 562 565 569 575 577 592 593 600 602 604 607 609 623 627 649 658 660 662 676 677 687 697 700 705 707 713 723 724 731 741 742 745 746 749 751 755 756 758 767 778 779 787 798 799 803 808 816 818 820 840 869 873 884 887 895 897 898
0 8 11 36 38 40 41 45 53 54 63 67 68 79 81 99 103 119 132 147 161 165 175 184 215 216 222 226 229 232 233 237 239 240 241 243 245 267 278 281 287 295 297 304 312 315 319 321 326 327 332 342 345 364 377 383 388 397 400 402 408 417 419 433 443 453 458 466 476 477 495 504 512 519 522 526 531 540 562 569 573 589 591 594 597 604 619 622 676 678 680 683 686 693 694 696 705 713 720 742 748 750 752 754 778 781 792 807 809 810 812 813 814 818 839 840 854 873 879 897
4 36 66 67 69 73 75 80 87 88 89 90 103 106 119 128 129 139 148 150 151 153 157 176 188 196 213 241 251 260 266 273 277 279 285 287 303 304 305 306 307 308 319 322 330 339 344 356 360 364 371 380 382 388 389 392 397 398 399 406 409 412 420 421 431 433 445 452 457 463 468 474 478 498 507 515 527 540 550 555 559 565 566 574 584 586 602 609 610 612 613 614 630 648 649 652 653 658 666 668 669 679 682 683 687 691 695 698 704 717 720 722 724 732 740 754 758 763 765 777 782 809 814 819 834 841 842 846 857 861 867 871 879 886 896
4 7 11 18 23 35 38 40 48 64 66 72 73 79 84 90 93 99 100 101 102 103 108 114 120 122 125 126 127 133 135 151 163 179 181 183 188 189 193 194 201 205 209 222 239 250 258 265 270 272 274 277 279 289 293 295 304 307 308 324 327 332 336 337 340 342 348 356 359 365 374 379 389 402 414 417 420 422 424 433 436 439 442 461 462 470 475 478 485 492 494 502 505 507 510 511 515 517 518 522 523 524 527 530 531 533 547 552 553 556 560 575 579 582 589 597 599 600 604 606 610 618 619 622 624 627 645 651 655 657 658 661 670 672 683 687 691 694 701 706 707 716 722 725 729 732 738 744 755 756 761 762 779 786 800 802 810 813 814 825 829 834 840 848 853 873 877 895 897
2 11 20 40 68 75 81 93 96 107 133 136 149 151 153 157 163 168 170 193 199 203 210 216 219 222 238 242 260 264 265 267 279 285 291 298 303 304 305 312 318 332 350 374 388 406 408 410 433 440 469 473 475 476 515 522 541 555 559 561 568 570 586 605 609 614 619 630 631 636 642 673 683 689 696 700 704 706 724 749 758 761 765 774 776 777 789 797 799 802 805 815 816 821 826 834 837 841 842 857 859 886 891
11 22 30 38 40 41 42 43 48 51 58 62 86 95 101 122 125 133 144 169 189 190 222 239 243 245 247 250 253 279 285 306 312 317 334 336 345 352 355 357 359 385 386 399 401 402 405 408 413 425 427 441 443 446 451 468 489 497 504 505 506 511 516 519 534 536 540 541 555 558 564 570 573 576 589 593 594 596 598 600 601 613 626 645 668 669 693 704 705 708 712 738 742 757 781 795 801 802 805 807 809 811 821 839 845 846 852 864 870 873 877 879 882 888 892 894 895 898
1 4 27 43 53 56 74 91 98 108 113 121 136 145 147 150 187 202 207 209 222 232 237 242 249 250 253 258 259 265 277 281 287 312 355 363 372 384 398 409 412 417 426 432 443 475 502 503 505 525 530 532 534 551 552 582 583 591 605 616 617 618 621 659 672 674 694 697 700 740 763 765 767 770 791 799 806 807 809 810 812 829 834 842 843 867 870 881 889 895 897
5 9 41 46 56 81 96 99 101 108 113 119 127 128 131 132 137 147 148 150 156 162 165 166 167 176 182 188 195 217 219 220 222 227 229 232 249 255 257 264 278 285 299 307 313 317 338 351 352 357 361 366 376 380 383 386 388 394 397 401 409 414 415 419 421 426 433 435 443 448 450 458 461 467 469 487 495 526 530 534 541 555 557 569 583 596 605 621 625 626 629 632 634 643 645 646 664 676 680 683 689 704 710 721 723 737 748 751 765 767 774 784 812 814 822 834 858 864 873 879 882
40 43 64 74 90 91 105 112 113 121 132 141 144 151 163 176 179 180 187 205 209 210 220 227 229 232 249 259 264 272 277 287 297 326 332 334 351 352 359 381 383 388 393 394 406 410 413 427 438 440 443 452 453 472 477 492 529 539 561 565 577 589 591 594 601 630 645 661 677 682 689 713 729 737 746 751 758 761 776 786 787 792 802 804 812 815 816 819 834 857 873 877 879
7 27 43 44 46 49 61 70 77 80 87 98 103 106 121 127 129 133 138 148 149 151 170 194 195 196 197 199 224 229 244 250 252 256 258 264 265 285 293 298 303 311 317 330 333 351 363 376 386 392 394 408 412 414 418 434 440 442 446 475 484 486 487 492 495 496 505 518 519 530 550 560 562 571 594 602 613 618 619 621 629 640 680 686 694 701 707 720 732 738 739 746 752 754 756 758 763 780 796 808 822 826 828 831 845 856 857 870 871 872 873 889
1 4 8 25 41 44 66 67 68 82 87 91 98 99 108 127 130 132 139 141 144 150 156 173 174 183 184 194 197 199 204 208 219 225 226 238 244 245 253 255 259 265 266 268 270 281 285 290 304 305 309 319 332 336 341 347 349 364 385 396 399 406 407 415 419 424 433 435 441 448 450 460 467 478 515 516 529 541 543 550 552 557 558 560 573 582 586 597 625 634 636 643 649 664 679 683 689 694 696 697 701 710 724 732 733 770 775 778 782 797 800 805 811 818 857 867 874 881 885 886 887 895
3 20 21 26 27 50 56 60 66 77 80 91 95 101 103 105 110 112 119 127 136 142 143 151 163 166 168 172 174 179 182 188 207 210 219 220 227 230 231 232 239 243 247 251 252 255 256 257 262 265 278 279 289 297 310 334 336 343 355 366 367 370 373 374 383 387 405 419 425 426 430 432 435 436 459 461 464 475 483 484 485 488 493 500 504 507 511 522 530 531 542 549 552 555 564 570 576 581 597 598 599 600 602 614 621 626 627 630 636 638 642 644 647 651 662 664 671 689 692 696 701 705 706 709 710 715 732 734 750 769 772 773 775 779 786 787 789 792 795 797 812 816 821 822 838 844 858 861 863 869 879 881 888 891
3 7 11 18 20 29 33 45 49 51 61 66 70 81 96 99 101 102 109 112 116 119 137 139 142 153 158 169 180 185 186 189 204 205 207 212 215 219 225 226 238 240 241 251 263 283 292 313 317 318 327 329 332 342 349 351 355 369 370 379 390 397 398 401 403 410 416 431 433 434 439 446 452 462 463 471 475 477 485 489 493 495 496 497 506 525 526 535 537 544 553 555 562 577 580 583 584 590 591 595 597 601 608 613 617 625 626 627 635 637 640 643 646 647 650 653 655 657 662 672 683 685 693 716 720 729 733 734 742 752 757 759 760 763 767 774 775 786 790 795 799 803 810 815 823 827 834 836 840 841 849 854 856 860 867 876 877 880 887 888 889
1 8 30 31 42 66 67 89 93 105 106 119 121 133 143 148 156 167 176 182 192 199 201 202 204 210 215 216 222 226 241 247 249 259 265 268 270 286 288 292 299 326 346 355 357 358 359 400 403 410 414 417 418 425 437 443 448 450 451 468 475 478 485 488 529 564 566 579 604 607 618 646 662 677 683 685 693 696 699 700 704 720 723 731 733 739 757 763 778 787 791 799 807 813 814 816 821 824 846 856 865 872 879 882
2 7 8 10 19 24 39 42 50 55 56 61 63 64 73 76 79 81 84 86 88 90 95 97 98 99 107 109 120 129 134 140 143 149 150 151 156 158 159 160 164 174 181 184 188 189 190 193 196 197 198 215 217 233 243 247 248 250 258 261 265 271 272 287 288 295 297 302 306 311 314 319 326 332 339 341 343 348 352 356 361 377 383 398 403 405 406 407 412 418 424 435 440 457 461 468 469 484 488 498 503 505 507 512 535 549 567 572 573 574 575 582 590 591 593 594 599 617 620 631 633 637 645 650 651 656 679 682 694 695 703 713 717 719 725 732 734 738 739 750 751 753 755 757 771 772 775 783 787 790 791 797 800 801 805 806 819 823 835 838 841 844 849 850 854 864 867 870 873 877 882 895
0 7 27 33 38 40 41 42 48 52 57 64 68 72 82 88 92 93 99 119 125 129 133 141 142 148 152 154 163 165 166 167 170 173 175 180 181 188 196 225 233 247 251 265 266 276 279 285 286 298 299 305 306 307 318 329 332 340 349 362 365 381 386 393 399 405 408 417 418 425 440 451 460 461 476 480 497 500 505 511 546 554 566 568 578 582 586 590 602 604 636 637 649 659 661 663 702 704 710 724 734 739 750 760 763 773 774 778 782 793 808 814 822 823 824 826 828 830 839 840 841 846 849 866 871 872 873 877 881 886 890 895 897
1 19 35 40 53 73 77 82 86 91 105 108 112 119 127 129 136 137 138 143 156 161 183 187 195 204 205 229 244 274 278 295 299 318 326 327 332 348 355 366 398 399 409 417 421 448 456 485 487 492 500 504 519 525 530 550 552 558 560 569 578 589 591 594 595 607 613 619 633 645 651 655 656 677 680 691 693 729 737 738 749 750 763 767 781 782 791 803 804 818 826 841 859 879 881 882 889 890 896 897 899
0 6 21 26 29 38 40 43 44 45 50 51 52 58 62 76 80 84 85 90 100 105 109 116 125 129 133 134 157 163 165 170 175 179 180 183 186 189 197 198 209 210 218 219 229 230 237 238 248 252 259 267 278 279 281 285 287 289 307 309 313 314 317 320 321 324 334 341 343 359 360 369 378 379 380 383 385 389 391 394 395 398 401 402 404 408 412 416 418 428 440 441 448 453 454 457 462 463 467 468 473 481 486 492 493 501 504 505 506 509 525 534 543 565 575 583 593 598 609 610 634 635 649 650 656 658 661 666 668 680 685 691 697 704 706 710 711 713 717 720 729 731 733 737 740 741 744 747 748 752 756 757 761 772 777 778 782 785 789 797 803 805 819 821 827 842 852 873 876 877 885 893 894
18 31 40 67 91 121 122 132 133 141 147 153 168 188 196 203 207 222 225 232 243 245 247 257 279 286 289 290 318 340 349 356 383 388 406 417 421 448 451 453 468 473 474 476 503 511 526 529 531 532 568 573 579 597 616 649 656 678 680 682 696 700 721 724 737 738 748 752 754 765 783 789 795 808 836 842 846 849 852 859 863 865 897
18 27 31 39 56 67 92 93 96 101 105 112 120 121 122 128 129 132 144 145 147 150 151 163 176 177 187 201 203 204 217 227 229 230 241 245 256 264 265 275 277 281 285 287 288 319 321 341 343 347 356 359 376 384 385 393 394 395 405 406 412 417 419 420 425 426 432 434 448 452 453 462 472 473 504 510 522 526 531 539 540 551 558 565 573 618 621 632 636 661 662 666 672 678 681 685 689 694 704 712 720 725 729 739 763 765 772 787 808 811 812 818 819 834 836 839 850 862 870 871 873 874 880 881 882 898
3 5 9 19 27 29 31 39 43 44 45 46 53 60 61 72 75 96 98 104 108 112 129 130 131 136 139 144 150 156 165 166 171 188 192 193 220 222 238 242 255 275 281 291 292 293 300 313 317 327 334 339 351 355 362 364 381 384 388 390 394 397 412 414 417 427 435 440 442 445 448 450 467 468 474 483 522 534 537 540 551 561 583 590 595 602 609 613 618 622 634 643 648 655 657 658 661 673 680 683 687 691 713 715 721 723 724 737 750 757 767 768 781 791 808 813 816 818 821 838 839 843 844 845 849 850 857 858 859 864 887 895 899
21 35 53 68 74 77 91 103 113 151 153 167 180 193 199 209 215 237 241 244 245 259 267 274 281 288 295 310 312 334 348 349 360 362 363 374 381 384 387 394 398 410 433 437 438 446 453 461 462 468 500 502 511 522 525 526 530 539 551 573 576 595 602 604 609 617 618 621 626 627 630 651 673 677 680 687 689 710 713 723 733 741 749 758 763 789 800 802 803 819 839 859 870 871 880 882 887 898 899
14 27 40 43 66 73 74 99 113 122 127 139 150 151 167 176 180 189 203 205 208 219 225 226 230 250 251 258 260 274 278 284 285 286 288 298 321 332 339 340 347 354 355 357 360 362 373 389 392 400 417 427 437 448 450 451 453 468 480 502 503 510 515 516 551 560 561 575 589 591 595 614 660 682 686 687 691 696 700 708 712 736 740 751 752 757 763 764 776 781 804 806 814 818 839 841 843 850 852 883 889 897 898
4 5 14 33 44 46 50 53 56 87 90 105 107 110 121 124 125 127 130 134 149 153 156 166 167 176 201 202 203 205 210 220 233 245 260 277 278 281 285 295 321 324 327 330 336 352 355 372 381 389 394 399 414 424 425 438 440 448 467 474 475 493 499 503 504 505 506 515 522 541 551 566 604 617 619 630 635 645 659 661 669 671 673 678 680 694 705 712 717 725 734 751 757 772 789 792 795 803 805 813 832 837 845 849 850 859 863 872 888 890 898
2 11 16 31 45 52 57 59 60 62 63 71 75 81 92 106 108 110 115 126 133 138 139 147 151 155 168 174 182 194 197 199 204 207 213 238 250 257 259 263 266 270 274 275 276 285 297 302 329 332 334 347 360 361 366 373 374 380 399 401 404 416 420 429 433 434 440 457 464 466 474 475 489 493 499 510 526 537 552 554 561 565 576 580 583 593 602 628 630 635 645 646 653 660 666 669 682 698 699 700 706 708 715 716 720 722 734 746 750 751 752 754 759 760 769 772 780 782 784 797 799 804 808 817 829 832 842 846 849 852 861 868 869 876 880 882 888 895 898
4 11 15 18 19 27 33 35 43 69 74 87 89 101 103 121 129 130 134 136 137 138 149 150 153 209 216 227 239 250 263 267 277 287 290 291 292 297 305 321 327 334 338 366 380 383 387 389 394 397 399 400 403 409 414 421 427 435 451 453 462 476 477 496 500 510 530 540 541 546 550 578 590 597 602 607 615 619 621 659 669 680 697 700 706 710 720 721 725 729 733 734 740 741 742 744 746 752 760 761 765 779 789 792 795 799 803 809 810 815 816 818 824 839 840 843 867 873 887 891 896 898
3 5 8 31 40 60 64 66 72 74 76 82 93 100 101 103 105 107 109 110 130 134 152 160 164 179 183 199 203 204 227 241 247 257 260 266 285 287 289 304 310 332 334 349 360 363 381 383 387 390 394 406 412 427 432 437 438 454 459 474 489 502 510 525 543 550 551 578 601 623 633 634 636 641 645 653 655 657 661 669 697 704 706 724 756 761 763 773 776 782 783 785 787 804 808 810 812 839 850 854 859 862 865 877 890 894 895 899
9 14 20 21 24 40 41 44 47 48 55 72 82 83 87 88 99 105 108 128 129 133 159 160 162 163 166 178 180 191 196 201 216 225 230 232 268 281 285 288 299 306 310 311 313 315 343 346 356 357 359 361 370 372 377 383 384 397 398 403 406 408 414 437 438 440 453 458 469 474 475 477 483 484 496 505 510 512 519 541 546 554 555 557 559 561 565 568 575 589 590 594 597 611 614 615 616 617 625 626 629 630 640 667 669 683 695 699 706 713 716 725 731 741 742 751 777 778 781 798 801 805 810 813 816 818 821 824 826 827 834 839 841 842 848 867 887 890 893 895 897
4 19 25 30 33 40 41 63 69 74 82 87 93 108 114 126 136 147 151 154 161 179 182 185 188 199 203 222 229 259 264 286 287 312 318 322 336 339 362 384 394 397 398 406 410 415 417 418 441 448 452 461 462 474 476 489 495 497 508 516 518 531 532 537 551 554 560 566 575 602 604 605 622 629 630 635 649 671 676 699 704 720 739 744 751 754 763 775 789 795 807 810 821 822 834 840 845 847 854 855 859 864 870 874 882 888 891 895 898
1 5 14 15 64 72 79 99 101 113 125 127 128 132 137 140 159 173 180 184 199 201 210 220 222 226 232 233 240 250 256 260 264 265 266 272 281 292 297 305 313 317 357 363 376 381 383 394 399 401 406 418 426 433 436 475 477 489 496 500 510 512 529 534 552 555 562 565 569 573 576 579 590 594 595 607 615 616 617 622 634 643 651 662 664 677 690 694 706 716 718 720 731 734 741 742 748 760 768 778 803 807 814 832 840 856 859 863 864 866 869 877 879 880
2 9 13 14 21 32 36 37 38 45 49 52 67 81 88 95 106 110 128 131 140 141 142 147 148 149 151 156 165 173 184 193 197 202 207 209 222 224 225 249 259 260 268 275 276 278 286 305 313 318 327 328 329 332 352 356 363 370 371 395 402 405 409 411 419 420 426 427 428 432 439 440 451 455 456 460 462 463 473 479 495 498 499 500 511 526 534 543 546 548 554 555 557 558 564 573 582 591 595 600 611 619 627 629 631 642 644 653 655 657 662 666 678 683 695 697 701 712 716 717 720 721 725 729 732 750 752 767 769 777 779 780 802 809 813 823 832 839 840 841 848 849 856 861 864 871 882 895 897
1 9 19 39 64 69 70 85 87 92 133 144 148 149 150 161 170 174 187 202 209 222 239 241 242 268 275 288 295 307 308 324 338 341 348 352 353 357 363 375 388 400 417 419 432 443 466 502 519 545 550 559 566 568 569 575 578 597 616 621 627 643 647 651 653 667 672 679 682 685 687 691 693 700 704 706 712 716 723 724 737 738 749 757 760 763 764 765 770 772 777 800 811 813 814 819 836 842 844 845 846 849 852 862 873 879 880 897
5 31 44 74 80 93 96 99 103 105 112 121 122 127 129 136 147 151 160 166 187 218 220 225 229 232 245 253 259 264 267 268 270 275 277 278 297 307 330 336 340 351 359 366 374 381 402 412 415 418 440 456 472 473 496 511 515 516 526 543 561 584 590 601 609 622 629 662 674 676 678 683 685 686 687 710 712 734 748 749 774 779 789 799 800 810 814 834 835 836 845 864 866 870 896 897
2 5 11 16 18 24 25 30 36 41 54 67 75 79 83 90 98 106 109 112 113 119 127 128 138 139 142 144 153 167 183 187 193 204 207 209 219 222 233 239 243 257 267 285 288 303 304 307 319 324 326 332 334 339 347 362 364 376 402 408 409 418 421 440 443 458 462 468 476 478 485 490 516 539 549 554 555 561 566 589 591 601 604 605 618 622 626 646 649 659 660 662 664 666 673 682 683 686 691 694 699 708 748 750 752 767 772 779 790 800 805 806 810 836 843 845 854 855 865 869 871 880 894
5 11 39 68 74 82 95 105 112 122 127 134 137 139 145 147 151 153 157 165 202 220 225 239 241 245 247 251 257 263 265 267 290 293 299 304 305 347 387 399 402 413 426 427 435 452 466 468 475 476 496 500 504 522 530 531 552 569 584 601 602 604 629 633 642 643 645 653 657 662 705 729 733 741 742 744 749 767 776 791 797 811 813 818 819 821 822 842 849 852 864 865 870 875 880 882 898
2 7 14 17 44 49 62 64 66 76 78 80 85 92 121 129 135 139 140 148 150 161 162 164 166 168 180 183 188 192 201 209 226 229 233 244 245 250 256 259 267 273 280 293 297 312 324 341 343 347 348 353 359 374 379 380 381 386 387 397 399 401 416 425 426 430 440 442 444 445 452 466 468 495 505 530 568 573 576 578 584 605 614 626 627 631 636 645 672 673 675 676 679 682 686 699 705 716 719 739 749 751 753 754 760 776 778 800 806 808 828 874 879 886 890 891
3 20 40 63 77 81 119 128 132 139 141 144 148 168 207 214 215 216 220 232 241 250 263 276 286 293 324 327 330 334 340 347 349 354 356 365 384 413 417 420 438 446 453 474 475 477 487 507 510 511 525 529 534 550 575 579 583 591 604 607 613 615 618 619 657 659 664 671 673 677 678 683 689 692 699 706 710 729 733 742 756 760 763 774 803 805 809 838 845 854 871 874 889 891 895 896 898
4 31 40 44 46 53 67 77 85 93 103 108 153 157 165 173 174 192 195 202 216 245 247 249 253 259 268 285 305 318 321 332 349 360 363 364 366 374 381 415 427 433 443 472 474 476 496 503 505 529 530 543 557 577 582 593 601 605 616 617 621 629 633 645 648 649 673 721 723 731 739 741 749 781 789 791 829 838 839 845 850 891 896
4 5 8 14 21 39 43 44 62 68 77 99 105 107 119 151 156 165 167 183 202 207 219 225 237 239 245 263 265 266 274 275 277 278 279 285 291 297 305 327 330 332 347 386 387 397 398 400 409 416 425 427 433 458 472 483 502 550 551 552 560 593 604 605 622 625 648 656 669 673 713 724 725 729 731 742 744 749 756 772 777 789 805 821 836 839 852 858 859 866 869 872 882 888 889 891 894 895
