1795
3974
899
887
7357
4026
5337
9091
1279
3613
3732
1126
5350
9014
7078
1446
1336
6461
9289
7135
5526
360
8809
826
6876
2715
5089
9437
4399
4533
8932
360
8686
8817
583
2126
1197
430
9541
453
8625
3738
6440
6138
6402
208
1759
3300
899
7642
7517
8334
4440
7153
8506
4566
6163
1327
6362
4989
7641
6171
4214
8330
8408
4751
704
7146
9442
1274
1352
749
2862
4552
6125
1801
6041
5488
428
6942
6171
1340
1256
2952
2644
316
1446
8089
8128
6835
4116
1525
9543
4633
1226
8208
7340
8665
6839
3049
1811
7960
1079
5143
8606
8370
885
8992
3708
8660
574
2102
7838
3418
6776
5488
6715
1403
2396
5847
1222
1263
8369
9986
5888
8407
7802
3013
2907
4652
1274
6422
8481
5491
9944
4236
9486
7870
7033
4112
2148
236
6338
3259
2644
7516
4182
1510
8179
6428
947
5345
8049
3932
4586
8190
5543
208
2627
2247
5388
7750
1336
5446
5730
2046
337
8772
8809
454
6553
9180
348
5080
2745
7425
8712
1504
824
1749
2762
3772
1403
7613
8040
1523
1235
7786
1174
7641
173
3679
2580
5111
2121
4960
5983
1841
3392
5130
1381
7645
4592
2793
2191
5048
5005
8863
356
7464
6819
704
4586
7785
6177
4466
7033
3792
2853
6755
9256
4925
8407
7482
3926
9958
9500
7190
7097
4357
2335
5832
2530
2102
5434
2328
6755
1498
8731
9592
8178
6845
8289
8585
8627
1810
9134
5100
236
3193
569
7750
4112
4989
3932
6836
8089
3865
3378
135
2684
2807
7135
2024
2148
1336
9986
4915
4488
8153
7086
2528
8499
682
5048
9513
8394
9657
9880
4116
5960
6963
1786
6236
4154
5948
7641
7033
1961
1263
3378
6063
5805
5428
2885
4380
7656
4157
8463
5206
5982
9691
300
6700
5975
4764
7194
5032
5048
3170
7656
4319
322
7164
208
7033
7033
9214
1809
8789
5948
1574
6571
5282
5285
6835
3724
8208
1455
5424
1336
5067
7607
755
9940
964
8986
5204
4258
5075
995
3099
163
4529
1
4246
974
7777
2148
573
3149
9541
6735
3082
8367
9716
8892
3473
7656
4465
4607
7656
7433
9766
9354
5847
3747
9009
9326
2471
9708
5048
7165
1374
1706
7340
8892
9400
4082
895
969
4932
6125
5402
1352
3725
8101
2279
9366
2886
891
7969
6745
6734
2903
6276
6143
462
5186
2574
217
573
3320
3148
9444
7542
7603
4978
3932
5005
8131
238
9579
8817
208
7680
6582
6627
4122
3836
899
2300
6356
2257
8849
8095
9087
9258
4460
3855
4548
7641
4523
2067
2378
4384
182
1352
8149
3928
2438
1697
8696
2169
7225
9408
5203
9141
4489
2324
8479
7664
8919
4860
1562
4357
314
8892
297
3885
4128
5815
6279
5705
7282
7530
6031
1223
3029
5048
1562
7250
899
2528
1180
7809
2929
8555
4151
5364
1352
2537
4760
4806
718
7718
7641
1446
2147
9544
5175
417
810
591
7902
7111
3261
5011
4903
6808
9550
4467
1446
5488
9625
1506
1931
9848
4907
5048
5190
6722
718
4562
5727
3855
7884
9545
974
5487
8932
7944
4904
4044
9087
7237
143
667
1080
1111
6106
5488
1795
8555
4869
9271
5728
4620
7628
6484
4729
718
503
2417
1504
8892
4077
1687
4382
7396
8153
2537
5240
658
3947
3644
6092
8430
316
1327
2130
5009
7530
4724
8407
2358
5048
1562
651
7033
8562
3820
8321
248
8766
2179
747
4153
6778
1368
1752
5269
2154
1352
1675
1111
7321
9437
2987
3474
5256
4336
2106
9338
6171
6720
208
4195
3952
446
8625
8892
3019
6720
100
9205
5281
9544
6041
4978
7466
6893
501
855
1498
3958
9910
6232
100
4465
4881
578
8951
5048
1904
2126
1745
9081
1697
1564
4984
4495
6954
4161
463
1024
9501
6886
3858
3621
1111
7411
9571
7551
6958
8945
7033
1455
3427
7717
583
9939
8960
5148
3416
6987
8892
7641
5048
4676
7641
874
4666
7200
163
601
517
3722
8226
8433
3055
7750
8463
2885
9414
6671
1109
6015
7831
4930
3087
6240
3511
6653
9256
5226
3461
9079
6063
7783
1274
2055
9539
8555
7436
9018
6217
8403
1374
3134
9091
9014
8321
1839
644
8413
9962
4377
5388
7111
5774
4607
2050
1679
1607
7359
3234
9832
3651
4530
9254
1080
2742
6792
4315
4465
4465
8179
7641
8394
9147
5488
4465
1844
8527
864
3564
3642
4474
5048
1080
9893
4550
2124
7530
9452
3721
8562
4140
201
1410
1232
4433
1050
5963
5639
7052
8310
6792
8281
8394
1673
4011
9694
1060
6835
8446
9674
1663
3893
8170
1698
5049
999
9539
360
9111
7077
6085
531
7241
5948
7465
8325
7656
1111
2148
8944
7944
1060
1948
4984
102
9910
3397
5067
1786
4762
4350
1197
8432
4528
8480
1350
9993
8932
1414
5863
9
2726
416
8573
4595
7135
7427
5048
6964
4182
9620
1745
2179
8627
5488
6507
2824
591
9309
3855
9370
3657
3713
9500
8261
1060
4566
5111
8279
8165
3914
6225
4529
8696
1255
6424
7033
8977
3086
4724
5888
1879
9596
3109
8742
5311
2602
2106
3464
3133
4978
2856
5641
1080
376
2084
8932
1786
9079
4235
4253
5048
1350
4159
8258
6232
1683
8696
1621
4474
6373
2058
3018
2395
8702
6125
6586
2147
6010
3926
3266
1369
2058
2165
899
4034
173
3041
5689
9853
3568
3050
7944
2851
3769
2678
5048
6409
3885
117
6015
9486
4852
8463
316
139
7257
1814
4082
861
3947
435
7443
3510
7033
5089
6691
1446
3830
7113
1745
208
8089
4586
4325
3698
4493
8892
7920
5048
9842
9152
7548
6384
2148
9023
5171
4212
1276
4888
1539
2739
189
7558
6106
481
614
163
6264
4784
5730
1988
228
9363
1117
3135
2790
1352
622
4291
3907
4620
9565
4617
8529
7998
4495
5395
6967
9935
2853
2126
5048
1581
7545
3193
9974
5190
4978
999
974
9326
7642
3013
1990
9146
6362
7641
5566
7641
5177
6063
