4899
310
4532
2887
619
4962
5212
4804
4534
4962
3769
4534
6580
4814
6568
304
3251
2083
8340
3041
64
133
7236
6229
1260
3041
7564
2319
9003
8567
4838
8570
5861
4879
7225
2083
2083
6024
3982
2009
1482
5623
9761
6121
10
6948
7225
2083
3041
6332
3759
7320
619
8106
8527
619
9583
7100
9279
8372
310
3619
5214
2219
3251
5967
8973
4838
5822
3768
1260
4251
8106
7225
254
8098
7100
3041
7236
4880
1660
6655
4838
8595
4073
2083
4073
4814
4838
9183
4137
4838
1027
8106
8372
5384
1286
2161
3759
872
3759
3706
619
2161
1361
3324
619
7646
3251
9438
3150
1768
3441
3920
997
2769
5623
5214
2083
2319
3211
5623
2773
2282
7225
6580
2083
3041
858
6168
5967
3458
829
6655
8407
2219
4880
4962
8309
1361
3759
917
310
2083
7225
2219
9311
8340
8340
760
3890
4550
6905
3251
509
1217
619
4962
1608
5623
5231
9726
3948
3556
2083
2083
848
7564
4880
7244
4838
3324
1217
2249
3789
2666
2083
3251
3759
4015
987
1310
6580
8288
8744
2319
5967
6580
1260
6454
9180
51
6229
9583
6196
1361
3251
2083
3670
9267
4073
619
9333
7225
4478
8973
320
829
3041
9003
2869
8973
4427
619
5045
5967
4675
7101
8504
1482
310
5967
6580
1310
2980
4814
5967
3324
1608
7646
5045
829
320
5384
4838
5967
4962
6332
4073
3041
582
254
5967
9487
917
8554
9487
3324
6909
1340
3706
2280
4879
2630
6508
509
6359
3251
7564
3706
5967
2847
3041
3759
1283
3150
3822
3948
4962
1660
9580
3890
8340
210
8973
2938
4251
8340
2070
7564
2083
3288
5265
2083
6995
5967
310
4962
7225
967
2847
8372
5967
7225
2249
2083
5045
2062
2935
320
7225
6390
1131
7225
2219
3759
1482
4809
3789
829
9680
872
5820
2083
7086
7086
6909
3706
7497
8092
3566
4251
2249
7244
8340
8372
2109
4838
1601
1100
254
4859
4475
5967
5967
9267
1482
8372
1894
4475
8595
2249
7244
2091
8106
4763
4532
917
2219
3948
3251
320
1552
972
192
4379
3041
809
4838
8212
6472
4838
8053
8340
619
4821
4137
829
240
6932
3890
5265
1601
7225
5212
2083
4804
7244
320
5623
619
509
7086
972
8372
1660
1601
4838
3686
3086
1340
8595
1435
2219
6121
6655
8340
7225
3324
2430
7225
3822
4838
6472
1608
2083
7646
2083
848
4998
8106
8595
6995
8372
4962
647
5231
3822
3670
3822
3041
6521
4777
829
7294
2083
6020
8973
9509
3251
3298
3086
3982
3890
3982
6558
3948
2083
6390
1482
4838
8129
1661
8372
268
8554
5480
3759
167
4777
6332
4368
9432
3212
3706
4073
1027
3573
1482
4880
254
5156
2847
829
254
4879
1435
8106
3759
3706
3251
7225
268
1146
2249
7363
4838
8372
7262
3948
2083
6825
8595
6995
8372
3041
3611
4073
3251
7927
2249
4838
3216
9438
5623
2083
8733
2847
2161
3150
3759
8554
8629
320
2847
3251
2219
3929
7164
4880
88
8504
8372
2814
5045
1260
4904
4478
7575
5214
1482
2083
6416
3251
3789
7388
4379
7225
5967
9801
1482
3890
8288
1752
7101
133
8340
4534
1260
4821
3948
8106
7225
3041
5214
3150
2083
2377
3251
2980
6390
4904
7564
9499
7904
3251
8941
7225
9289
8617
1608
254
4251
5357
4838
3150
8973
6332
3251
3925
4777
4804
268
3611
917
9183
619
4880
8860
3768
5422
2161
3041
1260
8739
8845
4400
4400
2083
5045
8340
7225
8372
9080
5827
4838
619
1823
3420
8106
310
3573
2814
320
5722
1340
619
6825
1830
2083
210
1361
2161
4251
6332
7686
4117
3768
5967
509
8340
7435
9136
4880
320
7225
3458
3948
3822
8665
8340
2219
6454
3706
2319
829
972
5986
7015
8129
51
3611
1482
8973
917
8106
4675
5967
7612
3324
7225
3251
9884
4962
8554
3890
3573
4962
3611
3251
240
8595
5214
1283
3890
3948
4427
2887
3251
7101
5384
3670
6091
744
7225
2887
6794
2083
6332
268
3787
7690
9956
9583
7086
3041
6229
8372
8372
7244
3251
2083
3041
872
4073
7225
3728
5231
1482
509
1194
917
7564
917
4838
3491
4838
8973
3251
2083
5529
6121
3324
1217
4838
51
4809
3251
5967
8580
508
7014
8340
2666
6995
3041
7244
3089
3693
7262
5384
5623
7244
3759
8288
1217
829
3948
5861
5156
5967
3566
7545
4821
4777
1752
3948
7225
6454
1361
619
3251
4137
7927
4136
7100
4935
2666
6390
7347
4015
829
7564
176
4880
8372
3759
3491
320
4396
4073
2249
2083
2339
3212
1260
5967
4814
5214
3041
5547
3822
8340
240
4838
1660
4251
4962
4400
6121
1542
5967
4814
6948
6333
4675
858
3041
3890
2083
7564
4838
6909
7086
3251
2847
5967
3324
9438
7764
8340
2161
3573
3041
3251
4880
9603
619
4015
4532
4838
8429
5623
1027
1482
5623
3041
9267
3251
4065
9003
619
8340
254
619
773
7225
9180
9279
8340
9193
6905
5967
3890
4041
7225
3761
972
254
1468
7244
3890
4251
2109
268
4880
8595
3232
2972
22
3769
6110
8739
2794
2847
858
7225
3706
2083
466
2037
6655
5422
268
3324
7564
4251
8372
2319
4513
3238
8595
829
8053
5765
7014
2249
8973
4814
2172
8973
8340
8973
5967
8340
803
2769
8845
509
7225
2083
3670
1288
5967
3706
8595
4532
3041
2083
3251
4814
7225
2083
3150
8340
9438
829
2219
303
9333
3324
7100
3822
303
8340
8973
3706
8595
917
1482
7225
3706
917
7101
9267
3041
6390
8973
8421
7244
3086
4880
6948
9583
4654
5967
9391
2249
2009
4073
2938
3706
1482
3611
254
2083
9325
509
2219
829
6034
9580
9183
5623
7225
1542
176
2083
1482
7356
8340
5967
3041
6229
5967
8554
2083
4015
7244
2083
3789
4261
3670
2706
176
8340
2319
3768
3041
2847
6909
7225
5422
3211
8372
4962
8554
6110
320
3324
