8 11 20 25 27 29 56 57 70 80 82 89 101 103 115 121 126 159 163 172 190 213 214 220 221 225 227 239 244 253 260 274 290 301 326 343 344 348 353 357 360 363 379 380 387 395 396 423 424 429 432 436 450 460 481 487 492
13 16 21 25 26 27 42 50 52 56 65 70 84 105 115 129 138 155 166 173 179 197 202 215 218 225 230 239 240 241 242 244 262 265 272 276 283 297 358 370 371 372 376 381 384 400 403 407 409 435 439 442 444 447 458 463 466 467
8 18 27 32 37 41 45 53 55 77 79 81 90 93 108 111 113 126 132 148 149 182 184 185 197 199 202 211 212 215 216 241 248 251 260 265 273 275 276 281 282 307 309 314 316 334 339 343 345 357 365 366 370 392 403 406 410 414 422 430 436 439 444 454 464 466 467 472 474 480 487 496
5 8 9 13 36 45 48 60 61 62 67 69 75 84 86 87 88 89 90 110 117 120 124 131 136 140 143 154 156 159 164 168 169 174 179 187 196 197 198 199 207 211 213 221 228 230 236 240 242 253 276 278 279 290 293 299 307 317 328 334 337 338 351 359 363 373 375 393 396 397 423 429 443 450 451 454 457 472 477 482 488 490 492 495 496
10 24 29 40 45 46 47 50 53 54 64 68 71 72 75 78 79 97 99 110 112 113 114 119 127 131 132 138 139 146 157 158 161 162 163 168 180 182 185 193 206 224 242 246 248 256 262 263 266 276 280 286 300 301 304 306 307 309 310 314 315 317 323 325 326 348 359 369 379 397 399 403 406 409 414 423 426 428 431 455 464 465 477 478 487 495 497 499
2 3 12 14 16 18 22 25 27 28 35 37 45 47 48 53 56 64 69 84 86 89 90 94 105 112 116 120 126 131 136 142 158 159 166 169 170 176 183 185 210 226 233 265 273 277 283 309 321 343 369 371 373 375 379 395 397 406 420 426 432 441 450 455 458 468 472 476 496 497
4 9 10 13 16 27 29 35 41 43 56 62 64 65 66 69 70 75 76 79 84 86 91 111 112 114 120 125 133 148 151 160 165 169 170 180 182 191 193 195 201 202 204 206 212 232 241 246 257 262 277 280 290 301 302 305 307 308 321 350 358 360 363 364 378 380 393 402 420 429 434 436 438 443 450 460 466 470 474 475 479 480 482 489
8 14 26 28 45 61 88 89 123 124 128 138 141 151 158 162 163 170 171 179 182 197 213 220 242 243 244 251 262 263 266 272 276 279 280 292 297 312 358 361 363 371 387 395 403 407 439 444 463 485 486 489 498
10 20 27 38 42 43 58 61 72 77 82 90 104 117 123 149 151 163 181 182 183 187 197 198 201 210 213 214 218 236 242 244 258 259 260 277 294 299 307 319 321 334 337 339 344 353 360 364 378 379 393 396 400 402 424 427 436 439 450 455 457 462 463 471 474 475 482 485 487 496 499
1 2 10 16 18 23 45 54 56 65 74 79 86 88 95 96 100 101 104 107 114 118 120 126 132 142 156 161 169 176 179 180 202 203 208 219 224 244 245 246 261 262 266 270 272 287 294 300 306 307 312 313 316 319 327 337 339 340 342 343 345 371 373 375 377 380 389 401 402 404 406 409 410 423 424 430 431 437 448 462 467 468 473 479 496
0 2 8 17 29 55 66 84 88 91 115 116 118 126 132 140 158 159 162 169 171 181 184 185 203 210 213 229 230 243 254 272 276 277 281 299 305 307 320 321 327 334 337 343 345 353 355 364 369 378 379 380 382 383 384 393 395 396 398 402 411 424 427 436 452 481 485
27 52 63 65 66 72 76 77 83 84 103 113 119 129 136 138 139 179 184 194 196 197 202 210 213 229 253 260 277 290 301 304 326 339 342 344 351 360 361 363 365 387 391 397 407 427 438 439 444 449 458 466 486 498
0 17 19 20 26 38 42 43 56 84 94 106 117 126 149 159 169 180 199 203 217 218 230 236 253 258 259 275 278 280 309 321 325 337 338 351 355 357 358 361 391 396 398 420 429 436 437 438 449 478
4 8 15 20 52 81 84 97 118 119 122 126 136 141 149 163 168 169 170 182 183 199 207 210 211 217 230 241 244 267 301 302 304 312 321 354 357 365 369 371 383 389 394 397 400 403 416 437 443 450 471 472 478 480 481 485 494
1 13 14 15 18 19 23 42 47 52 72 78 91 92 97 115 118 120 132 138 152 158 159 162 171 174 187 189 190 199 202 216 227 230 258 260 275 302 306 307 311 319 332 350 354 355 358 369 370 378 379 386 395 397 400 403 414 416 419 420 426 427 438 439 446 450 454 466 481 486 490 496
26 29 42 61 68 84 88 91 93 105 115 118 119 121 138 151 163 183 184 185 192 203 226 244 253 259 264 267 269 277 299 302 327 338 340 348 351 357 358 363 379 393 403 422 424 427 429 435 436 439 446 447 452 472 476 477 481 486
11 14 46 52 53 54 56 61 88 117 118 125 133 155 158 168 171 179 192 195 200 206 208 227 251 255 261 264 295 305 306 321 343 345 350 355 360 361 366 370 375 378 383 387 392 409 416 427 430 432 434 442 452 467 471 479 491 492
4 16 20 22 28 36 42 52 61 72 78 81 82 83 85 89 91 99 105 110 111 115 116 134 141 151 158 159 166 172 183 187 189 193 224 228 231 242 244 248 258 264 276 297 307 308 311 324 327 336 358 360 378 386 397 412 424 434 437 439 440 441 449 464 469 472 477 481 490
1 8 15 20 21 25 26 28 53 65 70 91 94 101 103 120 138 148 150 168 174 182 185 197 202 208 211 213 215 217 218 220 221 229 245 258 263 272 276 298 304 305 311 323 346 355 357 369 370 380 398 411 416 420 424 427 432 434 485 489
4 12 38 48 53 58 66 71 80 86 91 102 103 105 116 126 129 148 150 158 162 185 195 196 198 207 214 220 225 226 229 230 231 237 242 243 244 257 261 263 277 278 328 338 351 370 371 391 395 397 399 430 448 458 463 476 483
2 4 15 17 34 43 53 61 65 75 76 78 83 96 104 108 110 116 119 126 128 161 167 185 198 200 211 226 228 233 236 239 251 258 275 281 283 300 307 312 316 338 339 350 351 361 366 378 389 402 409 416 430 434 449 460 474 487 494 498
4 10 13 17 20 25 32 35 66 86 89 90 91 101 108 110 123 128 132 133 148 157 166 170 174 182 183 199 201 220 221 229 235 243 263 275 292 295 297 344 358 364 371 375 380 381 382 392 397 398 400 402 407 414 431 432 464 466 474 481 487
5 20 43 47 52 53 55 60 86 89 101 110 119 120 123 131 135 136 138 148 149 150 155 162 166 168 182 190 199 212 220 224 227 241 243 246 248 250 251 260 278 280 281 295 301 309 316 320 326 351 357 360 363 365 370 372 382 393 403 414 432 436 439 463 464 471 477
2 29 34 52 63 66 70 78 80 81 93 111 113 117 120 124 126 136 148 157 161 169 179 182 189 190 196 200 202 210 211 221 240 244 253 259 260 263 290 292 295 306 315 319 322 336 343 355 357 363 371 379 395 398 423 430 435 474 480 482 485 487
2 8 20 24 25 42 53 56 61 76 79 84 90 94 101 110 125 132 138 166 171 185 210 215 216 231 248 254 264 272 275 298 342 344 354 360 363 369 380 387 395 397 399 402 439 467 477 485 487
3 20 25 29 38 53 60 84 91 105 117 132 158 162 163 164 170 173 174 179 183 187 190 193 210 211 221 227 235 242 244 248 263 264 271 285 321 327 328 338 344 357 368 379 395 396 397 409 418 435 437 442 450 458 483 484 497
1 14 15 32 41 50 60 94 96 97 107 119 126 149 155 157 166 172 173 179 192 197 198 200 201 202 216 221 227 241 254 264 265 271 276 277 278 281 297 304 312 316 319 351 357 364 379 386 387 402 403 407 414 426 427 434 452 464 466 480 487
0 1 11 15 18 24 28 42 55 65 70 80 94 105 111 118 119 140 148 149 162 163 179 182 187 190 195 201 239 251 254 302 304 307 315 351 354 357 363 364 366 370 397 400 407 423 429 434 441 444 449 450 460 467 471 472
18 26 27 32 34 45 65 72 80 83 86 107 111 112 113 124 148 163 195 197 210 213 214 215 216 218 224 231 233 239 242 244 245 258 267 272 281 307 320 321 338 339 340 343 344 350 354 379 382 406 424 427 443 467 477
11 15 20 26 34 55 66 94 101 117 118 119 124 125 139 140 157 159 166 169 180 182 184 185 191 200 202 213 229 236 239 246 248 251 253 277 278 279 280 294 301 314 323 336 339 340 342 343 344 358 363 373 378 380 414 420 428 430 441 466 477
1 19 20 38 56 66 72 82 84 88 97 117 123 126 140 151 173 174 195 200 207 213 214 218 221 231 235 258 269 279 290 295 299 321 338 339 363 366 370 396 397 399 400 420 434 436 450 452 460 462
16 18 26 27 29 45 48 52 54 61 85 88 97 98 103 106 110 122 128 141 144 166 169 172 179 180 192 200 205 211 214 219 236 242 246 258 259 261 263 273 278 296 306 310 314 315 316 323 325 330 334 340 344 355 358 372 384 385 390 396 397 403 407 431 432 440 454 460 462 468 475 478 481 492 494
0 3 13 20 25 30 34 36 39 50 53 54 69 80 93 99 105 125 126 138 140 141 151 153 156 159 162 172 174 183 201 203 212 216 227 244 251 260 266 272 273 280 283 291 315 325 327 353 355 364 371 373 380 383 389 397 406 419 423 424 426 429 439 441 446 464 465 474 477 478 480
2 5 10 11 14 19 24 30 37 39 45 50 65 82 88 89 91 101 105 112 113 116 119 140 146 156 162 163 164 187 192 196 212 214 220 225 226 228 267 280 281 290 299 301 314 318 322 323 328 334 339 340 344 360 361 368 372 379 381 382 389 391 392 393 396 397 403 426 427 430 434 436 440 441 442 453 458 464 472 475 481 485 494 498
0 2 18 26 33 37 40 53 55 58 61 70 82 90 94 99 108 142 163 166 170 183 185 194 199 211 215 221 225 227 229 244 255 260 261 271 276 282 285 295 300 301 310 312 321 326 337 344 349 351 354 357 360 368 369 375 378 382 383 388 389 397 416 418 425 429 430 431 442 471 476 491 498 499
8 25 34 36 38 52 53 56 61 66 76 80 88 89 96 106 110 113 121 129 138 148 170 182 185 196 198 207 214 239 246 247 254 264 272 275 281 297 301 305 306 322 325 346 353 358 375 382 396 399 403 406 430 434 443 444 446 463 480 487 494 499
14 19 20 26 27 29 30 41 47 53 59 66 78 83 85 88 89 102 117 121 123 138 141 143 150 170 207 210 217 223 230 238 253 254 295 297 306 315 327 339 340 351 353 357 364 365 370 387 398 399 402 406 409 414 416 430 435 441 449 452 460 464 467 476 481
2 14 24 28 30 41 42 50 56 60 61 81 88 101 102 107 111 116 117 129 162 168 179 195 207 216 250 251 252 259 262 279 301 307 343 366 369 375 378 393 400 403 407 421 441 443 447 454 458 471 472 478 494
0 1 2 17 24 27 28 29 48 53 54 82 83 89 91 105 124 125 136 138 166 169 170 174 179 180 184 188 200 217 229 241 242 245 248 264 267 278 280 286 294 295 304 305 309 311 312 319 339 348 351 358 370 375 383 395 396 414 432 438 441 458 463 473 477 489 492
4 16 24 25 34 38 48 52 55 56 66 71 76 82 83 85 86 88 90 91 94 101 102 105 115 117 120 124 126 155 160 169 171 185 202 208 212 218 226 243 244 254 260 263 272 276 278 280 288 302 305 315 320 324 335 338 344 348 354 357 366 370 379 380 384 391 416 432 433 436 445 472 476 492
0 2 6 11 17 22 29 30 34 38 40 62 66 70 79 80 82 94 98 120 126 134 135 136 146 158 163 168 178 184 186 189 190 197 199 212 216 217 220 235 236 246 262 270 276 282 297 298 299 306 314 348 353 362 375 392 403 406 407 416 430 433 441 448 462 463 472 478 487
0 15 25 26 28 30 42 83 84 97 101 111 122 129 140 149 195 201 202 208 241 243 260 261 269 272 302 305 306 342 353 361 364 372 389 398 406 435 450 460 477 489 491
1 2 17 26 30 42 66 68 76 79 83 84 90 103 116 120 129 151 159 169 174 207 208 210 225 228 241 243 255 267 280 281 295 297 299 307 319 325 326 327 343 344 364 371 379 391 397 429 430 435 449 467 489
0 18 29 48 55 56 61 64 65 66 68 76 79 82 89 91 96 97 101 108 115 128 157 158 159 160 162 189 201 211 215 224 229 233 245 259 264 269 273 282 292 307 310 314 315 319 321 325 331 339 340 350 351 357 358 360 361 362 375 378 379 391 393 395 397 410 429 436 444 452 467 481 494
12 16 17 21 26 34 40 42 44 45 49 58 60 61 66 72 75 80 81 87 89 93 96 97 124 125 126 157 158 162 164 184 187 192 193 195 217 221 222 230 236 237 246 248 258 264 274 276 277 278 289 310 326 331 333 339 341 342 348 350 357 372 387 395 402 418 419 422 435 439 461 464 468 472 473 487 491 492 499
4 5 8 9 10 11 12 19 24 26 29 46 59 61 65 71 77 84 94 97 99 111 113 114 121 125 127 128 130 176 177 179 182 185 192 202 213 219 228 231 232 243 254 255 259 263 283 289 293 299 310 320 321 332 337 340 345 348 349 369 370 380 384 386 391 399 403 409 419 426 427 432 441 448 450 451 460 463 465 467 471 476 489 494 496
10 12 13 16 18 23 29 32 39 52 56 60 72 87 88 94 95 97 99 103 116 121 128 131 132 136 142 147 158 161 169 170 181 191 202 210 212 225 242 243 255 256 259 264 266 276 278 281 287 297 300 307 314 317 319 324 339 343 346 353 355 365 367 369 372 373 374 376 380 383 389 395 399 400 414 425 428 431 441 442 450 463 468 470 476 477 478 487 488 498
1 2 25 26 28 38 56 61 70 89 94 113 122 123 140 149 151 161 163 166 169 187 189 198 201 218 220 235 239 241 242 279 280 302 307 316 338 343 344 348 351 354 379 382 383 387 411 432 458 460 467 494
1 19 45 47 53 75 76 77 89 90 93 107 108 120 132 137 150 151 161 167 181 184 192 196 198 204 207 210 214 216 217 226 227 228 235 244 263 264 274 287 289 292 297 298 319 323 336 338 340 345 357 358 360 366 370 374 375 395 402 414 419 426 433 436 441 460 470 474 478 480 486 487 498
26 30 34 52 55 70 75 76 89 94 97 113 125 128 149 150 157 171 172 195 196 200 201 202 212 215 216 218 220 230 236 239 245 246 248 256 262 265 273 275 277 287 289 292 298 317 351 354 358 360 375 380 382 389 392 397 402 403 409 432 450 460 476 492
6 11 26 30 34 35 45 61 62 63 70 72 79 88 97 104 108 111 112 116 125 128 135 136 139 144 146 147 149 155 159 162 181 189 190 201 203 215 236 246 249 257 263 264 265 270 272 278 279 280 283 295 304 307 312 316 319 325 328 334 336 344 358 362 369 384 389 396 399 406 410 427 429 433 441 446 448 463 468 480 485 497
0 9 10 12 14 15 28 32 43 47 54 56 58 61 69 73 74 106 111 123 126 128 132 140 163 200 201 214 224 225 235 241 244 246 254 256 263 265 266 267 270 279 280 287 290 298 319 325 328 329 334 338 342 351 357 359 360 361 366 368 369 370 371 377 378 382 387 392 409 414 417 419 422 433 434 439 444 450 457 460 462 474 476 486 495 496
3 14 17 21 28 33 34 36 38 39 60 63 72 74 79 84 85 86 87 88 91 94 112 117 118 122 124 125 126 135 159 161 163 173 190 202 207 211 229 240 259 276 278 293 297 312 316 318 323 336 337 339 354 361 365 366 375 386 391 395 398 404 411 413 416 424 426 438 452 454 455 460 464 467 468 471
8 25 27 34 52 54 64 82 86 87 88 94 96 104 106 118 120 131 132 133 140 143 159 166 169 173 179 180 183 188 199 207 212 213 216 221 233 236 241 242 245 248 251 256 261 271 272 287 290 292 295 301 302 314 325 365 369 375 376 397 403 407 419 432 435 436 454 459 460 462 463 470 472 488 492 494
17 19 24 25 26 36 40 43 84 89 91 113 115 118 164 169 184 192 212 221 223 242 243 251 258 260 262 271 292 298 301 315 326 337 348 355 360 366 368 389 399 406 429 440 441 443 458 464 472 474 477 478 490 499
8 26 42 43 45 63 82 96 103 106 111 117 125 128 135 151 158 159 162 163 166 174 185 192 210 211 214 241 242 245 246 261 267 278 295 299 307 319 323 325 327 337 343 344 346 355 357 361 364 370 396 411 463 471 472 476 485 486
4 8 13 18 19 25 27 30 34 36 42 51 58 72 76 78 86 87 101 103 105 110 111 116 122 139 160 175 188 195 198 203 221 226 227 230 241 264 265 269 272 279 280 282 292 299 315 321 332 336 337 341 343 352 355 361 375 395 405 406 409 416 422 430 432 433 440 450 452 460 471 478 491
1 2 4 8 14 43 83 86 90 115 116 118 120 121 125 136 140 148 150 157 158 162 163 166 174 180 182 184 196 198 210 214 216 221 245 246 254 258 259 263 281 282 286 290 299 312 314 338 343 344 350 366 369 378 382 419 422 424 426 429 432 438 439 443 447 450 464 476 478 481
4 25 27 34 55 70 75 79 97 101 103 105 115 119 122 126 136 140 148 149 162 163 187 190 194 197 203 215 226 241 264 275 277 283 316 317 320 350 366 379 382 389 393 397 407 420 429 437 441 450 460 485 486 491 492 494 496 498
11 19 33 38 47 55 66 72 75 80 84 88 89 91 93 103 106 107 116 120 126 131 138 157 159 165 166 173 174 177 189 193 200 201 204 217 227 241 242 248 251 258 261 265 267 269 272 273 275 285 293 299 302 306 319 320 325 326 327 328 333 340 349 353 356 360 361 362 368 370 373 375 390 392 414 419 422 425 432 434 438 450 471 480 482 491
2 5 10 22 35 42 61 62 67 70 78 94 119 120 123 124 126 133 140 142 143 149 150 151 157 160 162 203 208 210 216 220 239 248 259 265 269 279 280 281 285 293 305 306 307 327 339 346 351 353 357 362 367 371 372 373 375 378 384 386 387 391 397 399 425 431 436 437 471 480 481 499
4 8 11 13 16 22 25 26 32 38 72 77 100 104 108 113 115 118 119 151 173 177 182 187 189 190 198 207 212 213 215 217 224 225 228 230 233 239 246 254 260 275 277 281 283 289 292 302 306 312 316 323 326 331 336 342 348 351 355 359 360 364 369 372 376 378 395 398 426 439 452 462 476 483 495 496
3 13 15 22 28 29 52 63 65 66 76 84 91 103 108 116 124 126 162 170 185 189 190 195 203 208 248 251 254 260 273 275 276 277 282 290 295 297 304 306 314 325 339 342 357 364 370 375 377 381 382 383 395 396 397 402 426 434 437 449 455 458 466 481 491
1 10 30 35 37 38 47 50 67 72 73 80 83 84 89 91 93 101 105 116 124 127 128 129 135 140 142 143 149 155 158 172 180 190 191 192 197 204 207 218 230 242 251 253 263 264 267 269 274 282 292 294 307 311 316 320 326 351 355 363 366 371 373 377 382 384 400 407 411 414 416 422 430 449 451 452 467 471 472 492 498
4 7 11 16 20 30 48 52 56 65 88 103 106 116 127 131 157 165 166 167 168 171 179 180 190 197 199 203 207 211 213 222 230 231 233 241 242 246 250 254 260 272 274 275 277 278 281 284 285 288 298 303 322 323 333 337 343 347 356 357 362 368 370 373 380 387 389 391 393 395 396 398 400 404 406 419 422 431 432 434 437 441 446 450 452 454 463 468 470 473 477 481 485
2 18 20 24 29 38 41 45 61 65 80 83 89 91 103 105 110 112 116 123 129 143 170 173 180 190 195 197 198 207 210 218 235 275 276 279 290 292 302 312 316 327 336 351 353 357 391 396 398 399 447 458 467 486
12 14 15 16 29 34 37 42 52 54 77 78 83 112 113 120 125 134 139 141 161 162 164 169 181 184 199 201 207 212 240 248 253 254 256 258 263 265 272 275 282 289 290 314 334 337 339 340 343 345 351 353 357 370 376 379 381 389 391 393 396 401 424 430 431 432 433 438 449 490 494
11 18 30 117 118 121 125 150 168 169 180 200 210 214 215 217 226 229 243 244 245 272 280 290 297 301 312 323 336 338 339 344 363 364 366 393 395 396 406 435 441 443 450 471 472 481 491
2 11 13 18 19 21 24 26 27 55 61 66 70 83 84 86 90 91 94 97 116 129 136 159 171 174 180 189 190 196 200 202 217 236 254 258 262 269 276 286 301 304 311 344 351 363 373 383 385 396 399 401 405 412 423 424 441 449 499
25 30 42 52 63 65 66 72 75 78 79 85 91 97 105 110 125 151 161 166 171 173 180 187 197 202 208 226 244 246 254 298 301 307 323 327 338 342 343 353 355 357 391 407 432 444 449 467 477 481 489 491 494 496
1 11 19 27 29 31 34 39 43 66 70 78 97 101 107 119 120 121 123 125 132 136 145 158 162 172 182 197 199 202 226 236 243 250 254 269 272 279 281 285 309 346 351 355 382 387 393 402 403 407 424 425 442 447 466 471 472 473 478 498
0 1 8 15 21 26 61 65 87 88 96 116 118 135 139 143 150 157 159 164 174 176 184 190 195 196 221 230 240 248 253 259 261 264 278 304 316 338 351 353 354 363 364 366 387 389 426 427 439 441 443 448 460 467 474 476 480 489 499
0 9 11 14 16 20 26 31 36 43 47 51 61 64 73 80 87 94 103 105 112 122 128 129 141 160 161 166 169 171 173 174 179 181 187 197 200 201 207 208 213 224 236 256 258 280 302 304 308 313 327 336 337 338 345 358 368 370 372 378 383 386 403 422 428 440 443 449 464 479 485 490
2 8 22 34 36 38 39 41 46 50 55 56 60 61 65 68 71 74 76 84 86 87 89 97 106 116 117 122 124 128 148 156 166 167 168 169 178 179 180 183 190 201 204 206 215 216 217 231 258 264 270 275 276 277 283 293 294 302 306 307 309 310 320 322 324 341 344 350 361 366 394 397 399 402 404 409 410 411 417 424 425 429 432 433 440 444 450 468 471 474 480 490 491 495 497 499
14 25 28 63 81 83 86 103 111 116 124 132 141 150 157 159 163 168 169 171 173 178 179 183 187 196 211 212 220 226 230 243 260 263 267 269 312 327 334 339 343 360 396 397 398 403 423 426 427 428 430 434 449 454 471 474 477 487
0 3 5 10 12 14 15 23 24 26 33 39 43 44 46 53 63 64 65 68 71 76 87 89 93 111 113 114 115 117 126 129 132 138 155 158 159 172 178 181 187 197 199 206 208 209 216 229 239 246 254 256 262 263 272 276 278 279 298 317 326 334 342 350 356 358 359 362 363 366 374 376 384 386 393 397 400 419 420 428 432 437 460 467 470 472 481 485 491 492
2 14 29 32 46 65 75 77 78 82 83 85 89 119 123 126 128 132 133 135 141 143 156 158 170 172 181 182 195 206 207 212 216 235 236 253 254 260 269 272 273 277 283 287 298 299 308 316 321 332 334 337 351 357 362 373 384 392 395 398 403 423 426 430 431 432 435 436 442 443 444 447 455 462 463 464 470 471 476 480 481 487 489
4 11 25 52 55 63 65 66 88 89 123 129 136 139 140 150 157 158 159 162 169 179 185 189 196 198 199 210 215 217 220 239 242 243 244 251 253 297 314 336 338 357 375 380 383 387 395 400 420 428 429 435 436 441 443 449 464 471 485 486 491
5 10 20 21 22 29 31 33 36 37 44 59 60 61 66 69 71 72 73 74 83 88 93 95 113 118 125 131 132 134 144 145 147 158 161 164 176 196 202 207 215 218 221 238 240 241 242 251 254 261 263 268 270 272 273 274 281 294 322 323 325 327 333 340 341 342 343 344 345 348 351 356 357 358 359 360 364 373 383 386 394 402 407 410 414 422 424 426 432 433 438 444 447 453 455 458 460 472 474 483 493 495
14 15 38 45 90 91 94 103 119 148 170 172 196 199 201 207 210 211 212 216 220 221 226 229 231 235 243 248 259 263 295 312 316 337 338 340 357 361 382 389 395 396 402 403 416 430 463 467 477 480 486 487 489
15 17 27 30 45 53 66 72 83 85 96 111 115 119 124 139 141 148 151 157 158 164 168 171 180 181 185 187 196 197 200 202 226 231 244 245 248 254 262 280 282 295 304 307 309 311 331 343 351 354 361 363 364 365 369 379 386 398 399 405 407 419 422 439 443 450 454 460 467 471 472 496
8 19 21 22 26 32 39 53 56 64 67 75 81 82 84 90 91 97 98 115 116 119 120 122 125 129 149 158 159 161 169 173 175 183 185 186 196 202 203 210 214 216 217 220 239 242 250 251 263 264 270 282 293 297 314 316 326 336 342 344 350 363 364 369 372 389 396 399 416 424 429 434 441 452 472 486 494
4 8 11 15 25 38 75 79 82 105 111 117 121 124 148 151 161 190 195 197 198 202 215 220 221 248 251 258 260 263 278 290 297 299 301 323 325 337 338 342 348 364 380 391 397 414 423 429 439 444 452 458 464 471 474 477 480 485 486
4 28 45 52 53 61 65 78 80 82 89 96 110 111 125 128 148 154 168 169 184 196 197 212 214 227 229 242 251 263 264 265 292 301 312 314 315 325 326 332 340 351 357 363 379 383 387 393 395 400 402 414 423 429 444 452 461 463 466 471 481 487 491 494 498
1 19 30 36 38 45 53 75 79 93 101 105 117 120 126 141 159 169 196 201 202 216 224 226 229 241 248 253 260 272 279 283 292 295 297 315 327 351 358 364 379 383 386 389 394 416 419 423 434 436 439 454 486 490
0 4 9 10 20 22 32 36 47 60 65 72 73 86 94 96 105 106 113 119 127 135 142 156 161 163 168 190 197 208 216 221 224 233 253 264 265 275 276 286 293 309 312 318 324 340 344 351 355 369 372 378 382 386 388 389 392 393 394 402 406 409 410 411 414 416 422 430 441 462 478 481 488 490
1 8 11 20 26 28 30 34 38 55 84 90 118 125 129 131 140 148 158 161 170 173 178 183 185 201 202 208 210 212 213 214 220 225 226 231 239 253 254 259 267 275 277 279 282 283 312 321 323 325 336 348 353 363 366 370 371 380 393 402 409 419 458 464 474 494
5 14 20 21 23 45 53 56 59 65 75 76 79 83 88 94 110 118 119 121 122 124 135 138 161 168 182 187 202 215 224 228 251 261 280 281 292 298 308 316 333 351 357 365 372 389 398 408 411 414 416 420 432 436 438 439 453 467 471 472 480 486 494
1 3 8 12 20 24 29 40 43 48 50 52 69 70 72 74 79 80 84 89 105 106 108 109 111 116 117 123 129 138 158 162 163 172 173 178 180 223 235 243 258 272 300 302 311 314 315 321 342 343 348 351 357 360 364 366 384 392 395 416 419 426 427 431 434 436 441 444 454 467 481 492 499
1 13 18 45 66 70 76 82 83 84 87 105 120 131 132 157 163 168 170 180 184 185 191 196 197 201 202 203 233 236 239 240 260 277 283 285 290 293 305 307 326 336 339 347 354 357 371 375 382 387 392 394 396 398 416 441 448 467 471 477 486 487 490
3 15 20 21 25 27 34 55 72 75 78 103 106 117 121 126 132 135 148 150 174 183 185 189 190 200 202 203 208 211 225 246 251 253 277 292 298 301 306 311 315 327 339 348 360 364 368 378 393 396 415 424 426 429 432 437 444 449 454 464 467 476 485 486
15 16 22 35 47 48 56 65 70 89 90 93 103 106 107 116 118 121 129 139 144 156 157 159 177 181 194 197 200 206 212 213 216 217 224 243 256 261 269 276 277 279 280 292 294 295 300 304 311 315 321 323 325 337 369 377 379 383 384 391 392 395 396 402 411 419 422 425 427 429 434 462 464 468 476 478 479 487 489 491 492 494
0 1 20 28 34 83 91 103 106 111 115 120 121 124 150 157 162 189 198 199 216 227 235 239 241 242 244 254 266 269 278 279 280 298 299 304 312 316 323 340 355 361 363 365 369 370 371 373 375 379 386 395 396 403 411 427 430 434 440 447 449 450 452 460 471 481 485
2 13 30 66 70 75 97 101 116 120 132 138 140 158 168 180 184 193 197 198 203 208 210 213 220 226 243 244 248 261 278 295 317 320 336 337 343 361 369 373 379 383 389 395 398 399 403 407 427 452 458 463 466 472 481 496
18 27 29 34 38 40 50 52 61 63 65 68 76 82 86 88 94 96 103 111 116 120 126 132 148 151 161 163 170 174 179 184 203 213 214 217 230 231 241 242 244 258 260 263 264 265 275 278 301 311 323 326 350 351 353 361 370 373 377 378 386 392 396 402 403 423 437 438 439 448 458 466 491
11 14 26 38 42 50 55 56 70 94 96 103 110 115 124 128 131 170 182 189 195 197 198 200 210 216 217 218 221 236 243 245 248 253 256 259 260 263 264 275 307 320 325 340 348 353 370 403 409 411 420 434 458 464 474 494
5 11 13 15 18 23 41 60 66 67 75 80 81 84 88 96 102 106 110 119 126 141 143 158 163 185 192 198 200 208 226 234 235 241 243 248 249 250 253 258 263 264 269 272 278 290 298 307 315 319 320 322 323 325 343 354 355 363 375 382 393 425 426 436 442 444 449 450 454 456 458 460 466 481
2 20 25 42 56 64 76 79 96 101 103 116 120 122 124 140 146 161 163 174 211 215 220 221 241 243 260 264 269 276 281 295 302 311 337 344 354 355 357 389 393 397 409 416 462 463 471 474 480 481 487 489 491
0 11 14 18 19 38 53 64 65 70 75 81 90 103 113 117 120 121 136 140 149 170 182 190 198 218 229 243 248 251 261 272 297 314 348 351 357 360 389 398 406 414 416 420 427 439 441 476 480 481 494 496
4 18 28 30 60 61 65 77 84 88 96 101 113 115 125 131 135 141 149 159 182 190 195 197 198 203 207 208 220 243 248 251 260 281 299 315 316 325 340 342 351 360 361 369 370 378 383 386 387 409 419 422 423 435 438 481 486 490 494 496 499
