n 4
numsamples 1000
Gibbs/metropolis
burnin 10
Sampling time = 0.554000139236
Mean 0.0 0.0 0.348236861508 0.0177366870234 0.854488254255 0.0252172385502 1.39869776646 0.00238036093835 2.0 0.0
Mean moving average
0.0 0.0 0.309941247507 0.0266300892699 0.839498650523 0.0285926787716 1.36164923386 -0.0446663136411 2.0 0.0
0.0 0.0 0.381917361393 -0.0145176482835 0.903374328415 -0.072856249224 1.46899892355 -0.0843039324116 2.0 0.0
0.0 0.0 0.269160355365 -0.144377375905 0.788631368635 -0.146762204263 1.30783122914 -0.0544638684401 2.0 0.0
0.0 0.0 0.294290236835 0.16694650299 0.788045835766 0.152805265983 1.34560696028 0.0566606255271 2.0 0.0
0.0 0.0 0.315398188028 0.0396159014311 0.847384147974 0.0396453960822 1.42760687723 0.0882658827519 2.0 0.0
0.0 0.0 0.370717477919 -0.059828111154 0.857532712805 0.0538897621668 1.4310387449 -0.0389898872083 2.0 0.0
0.0 0.0 0.5036452221 -0.00816589307808 0.977304970568 0.0493605593434 1.47285667839 0.0300556478612 2.0 0.0
0.0 0.0 0.35273894416 0.0282900577724 0.845545866194 0.0451645220587 1.38067205132 -0.017126595049 2.0 0.0
0.0 0.0 0.271593784272 0.076913940516 0.767096239338 0.0914008396252 1.30407621091 0.0552648049468 2.0 0.0
0.0 0.0 0.4129657975 0.0658594066752 0.930468422333 0.0109318149587 1.48664075505 0.0331072450467 2.0 0.0
Autocorrelation
1 0.115785840169
2 0.01684679843
3 0.0266769016159
4 -0.0169571167658
5 -0.0267803270072
6 -0.0159801792852
7 -0.0145591928943
8 0.0122304318728
9 0.0173746944212
10 -0.00868393790976
11 0.0101054043063
12 0.0218935951379
13 -0.0128470364699
14 -0.00475044615781
15 -0.0274588796947
16 0.0116537658242
17 0.00397506236571
18 0.0153440082181
19 -0.000645667016247
burnin 100
Sampling time = 0.613000154495
Mean 0.0 0.0 0.382832502258 -0.00933517938887 0.873564803427 -0.0120186689557 1.42259175689 -0.00252546246992 2.0 0.0
Mean moving average
0.0 0.0 0.362928532159 -0.0322435080617 0.900965957173 -0.0537466459298 1.43830115776 0.00823264745279 2.0 0.0
0.0 0.0 0.335236369256 0.276825289763 0.847559709718 0.0903480553567 1.38671311897 0.151071007748 2.0 0.0
0.0 0.0 0.454283751422 -0.0388369549058 0.931730422563 0.000315590547909 1.458156903 -0.0131196235159 2.0 0.0
0.0 0.0 0.336545292206 -0.106648612108 0.891528383552 -0.0941534797919 1.48827089352 -0.0534661836173 2.0 0.0
0.0 0.0 0.387692162407 -0.0503104251317 0.931911619528 -0.00376723328129 1.47572358234 -0.012788222637 2.0 0.0
0.0 0.0 0.299113573368 -0.109375105089 0.777178736294 -0.0224777078313 1.3493600218 -0.106885711964 2.0 0.0
0.0 0.0 0.424651553715 -0.0890444641363 0.899812118999 -0.185076530741 1.45304191332 -0.0934809932971 2.0 0.0
0.0 0.0 0.430491601085 -0.030755210323 0.839828927127 0.0028504539348 1.35457065315 -0.0440935599888 2.0 0.0
0.0 0.0 0.407745538894 0.0055366719434 0.859198411757 0.0695126104668 1.42126342707 0.0924803399244 2.0 0.0
0.0 0.0 0.389636648064 0.0815005241605 0.855933747558 0.0760081977122 1.40051589798 0.0467956751954 2.0 0.0
Autocorrelation
1 0.119917651486
2 0.00699428797084
3 0.0172491191538
4 0.00579063284558
5 0.00327762382976
6 -0.0396289773768
7 -0.00995158916496
8 -0.00629542352242
9 -0.0115685536177
10 0.0242447582354
11 -0.0110441501688
12 -0.0118331249998
13 0.0113463100672
14 0.00830749606133
15 0.0110933978401
16 0.0138536029819
17 0.0100032150783
18 0.0218890707013
19 -0.010026427588
burnin 10 skip 2
Sampling time = 1.12099981308
Mean 0.0 0.0 0.415139875892 0.0133721497506 0.896773788275 0.0311458127017 1.46054019793 0.0158623804411 2.0 0.0
Mean moving average
0.0 0.0 0.394549043077 0.0798570994666 0.882375462156 0.094577118473 1.48166274239 0.0888229190729 2.0 0.0
0.0 0.0 0.504903939385 -0.0894473881152 0.932434485192 -0.0561626686778 1.48394019345 -0.00258809126683 2.0 0.0
0.0 0.0 0.368631592179 0.0205743993647 0.890538677579 0.168637754977 1.44481872695 0.0913662816507 2.0 0.0
0.0 0.0 0.539863689676 0.00381515814652 0.925285967159 -0.0231965328962 1.39982903066 -0.103348407859 2.0 0.0
0.0 0.0 0.371504237236 0.132217717509 0.851907956078 0.132591186953 1.50176880392 0.056186147988 2.0 0.0
0.0 0.0 0.379029523998 -0.0564178566265 0.854953093821 -0.0991172401109 1.49935252922 -0.0945046950599 2.0 0.0
0.0 0.0 0.541246474163 0.0312324610709 0.987822729956 0.0447351112164 1.41700724447 0.0913562542082 2.0 0.0
0.0 0.0 0.319964894919 0.0543914037642 0.84577250813 0.0828365113852 1.42105962755 0.0833952742853 2.0 0.0
0.0 0.0 0.407932642876 -0.0624605745757 0.882051206465 -0.10508566048 1.45744567755 -0.106127447817 2.0 0.0
0.0 0.0 0.323772721412 0.0199590775011 0.914595796214 0.071642546176 1.49851740319 0.0540655692084 2.0 0.0
Autocorrelation
1 -0.0115980011002
2 0.0118280144834
3 0.0030874791894
4 -0.00518874451823
5 0.0199034675409
6 0.0145263580627
7 -0.0214658959405
8 -0.00605227782556
9 -0.0226310143734
10 0.0285007535956
11 -0.0133899661988
12 -0.01663910804
13 -0.00364722896553
14 -0.0169617505671
15 -0.0158268934829
16 -0.0101165089468
17 0.0016560866325
18 0.00165108774031
19 0.0230740212037
burnin 10 skip 10
Sampling time = 5.57299995422
Mean 0.0 0.0 0.436762643375 0.0156012487706 0.929617574533 0.0217990513818 1.47995197407 0.0356530848659 2.0 0.0
Mean moving average
0.0 0.0 0.511023586051 0.0520036763079 0.931741302632 0.139916053582 1.49984903866 0.116511331326 2.0 0.0
0.0 0.0 0.415137934081 0.013009029162 0.955216047483 0.013922909612 1.55512426671 0.0926896283832 2.0 0.0
0.0 0.0 0.459167754654 0.0468806826344 0.977784961971 0.000377005589724 1.54142274992 -0.00252351105323 2.0 0.0
0.0 0.0 0.564395652109 0.0899607804769 1.02130319759 0.028064410555 1.50397452445 -0.044784470685 2.0 0.0
0.0 0.0 0.366475910032 -0.0749882471558 0.927898628829 -0.097245362818 1.44451125705 0.0306317052694 2.0 0.0
0.0 0.0 0.297571674717 0.0782366016561 0.824840528986 0.079304490234 1.35321452333 -0.00654821608767 2.0 0.0
0.0 0.0 0.401722224175 -0.0645408740823 0.901976124324 -0.0331620171189 1.48064330406 0.0944387890349 2.0 0.0
0.0 0.0 0.48821593823 0.00167222231439 0.896635460537 0.0695467711638 1.51975281428 -0.00463431930667 2.0 0.0
0.0 0.0 0.421199322548 0.0235426198071 0.917648371892 0.02902104243 1.43158584199 0.0694681868549 2.0 0.0
0.0 0.0 0.442716437149 -0.00976400341506 0.941131121083 -0.0117547894112 1.46944142021 0.0112817249226 2.0 0.0
Autocorrelation
1 -0.00616709381041
2 -0.0128664938954
3 -0.0366571349968
4 0.0153502371829
5 0.0024170671739
6 -0.000937813549782
7 0.0177557135254
8 0.017570437816
9 0.00909724197521
10 0.00496299672405
11 -0.019761130393
12 0.00162568150407
13 -0.00187583470795
14 -0.0111554544588
15 0.00276701177435
16 0.000455483125473
17 0.0140359723521
18 0.0322135030121
19 -0.00861938614747
Particle set Gibbs sampling
burnin 1
Sampling time = 0.825000047684
Mean 0.0 0.0 0.574953959803 0.287676004963 1.01740883344 0.184670986692 1.50785058598 0.125676443941 2.0 0.0
Particle set Gibbs sampling
burnin 2
Sampling time = 1.69899988174
Mean 0.0 0.0 0.438882047144 0.0187969016186 0.902801495776 0.0155884506397 1.44724378806 -0.0165432881846 2.0 0.0
Particle set Gibbs sampling
burnin 3
Sampling time = 2.56299996376
Mean 0.0 0.0 0.413551826941 -0.00625083881177 0.902310377313 -0.0228975553781 1.4482763914 -0.0114993180893 2.0 0.0
Particle set Gibbs sampling
burnin 4
Sampling time = 3.47099995613
Mean 0.0 0.0 0.413008253567 -0.0172827045708 0.903478920413 0.000676524519489 1.43197400334 -0.0128519106704 2.0 0.0
Constrained rejection sampling
1000 / 2464 within tolerance
Sampling time = 0.412999868393
Mean 0.0 0.0 0.466741483874 0.0279436212462 0.944107450509 0.0596772393668 1.48597806541 0.0155288870231 2.0 0.0
Mean moving average
0.0 0.0 0.449409022008 -0.00956888353487 0.889030863908 0.0817693220342 1.47706957712 0.0963026857787 2.0 0.0
0.0 0.0 0.537448418458 0.0671751972249 1.00782933453 -0.0468456571412 1.52374484373 0.0327618538294 2.0 0.0
0.0 0.0 0.530423158569 0.0586561968056 0.979775807039 0.0714304773773 1.53122709512 0.0567308304339 2.0 0.0
0.0 0.0 0.401170268689 -0.00889116847249 0.823145237896 0.0552538652419 1.48066525935 -0.0296042784584 2.0 0.0
0.0 0.0 0.459730926549 0.0889313858827 1.00344082205 0.136103172203 1.50703447402 0.0503496004375 2.0 0.0
0.0 0.0 0.36550951698 -0.0152635484021 0.848176819627 0.00364972609734 1.46448969406 0.00385654423023 2.0 0.0
0.0 0.0 0.549224995908 -0.0207195282122 0.996781659764 0.0661226441786 1.50292628117 0.0271664381966 2.0 0.0
0.0 0.0 0.492447587155 0.039805537278 1.00014876983 -0.0131100089095 1.45212711152 -0.103527583388 2.0 0.0
0.0 0.0 0.417756908335 0.0104197016662 0.972517012859 0.129676716946 1.44476653549 -0.0379411190668 2.0 0.0
0.0 0.0 0.46429403609 0.0688913222261 0.920228177578 0.11272213564 1.47572978257 0.0591938982385 2.0 0.0
Autocorrelation
1 0.0146590255104
2 -0.0218677813803
3 -0.00620450865547
4 -0.00165803737929
5 0.00302604712732
6 -0.009494683967
7 0.00258880329855
8 -0.01123130394
9 0.00108306406126
10 -0.00584125783874
11 0.00719719326543
12 -0.014141930357
13 -0.0113119914785
14 0.00205866609012
15 -0.00226795523393
16 0.0302361055408
17 -0.0178411856387
18 -0.0199311075855
19 0.00235703674916
