n 10
numsamples 1000
Gibbs/metropolis
burnin 10
Sampling time = 2.32399988174
Mean 0.0 0.0 0.493076133166 -0.0156663520154 0.993467939442 -0.0625990477371 1.51191421659 -0.110763186798 2.0034532515 -0.116821772303 2.51575363818 -0.169675265238 3.03702693373 -0.157731162655 3.53790792442 -0.171649476881 4.03991783809 -0.107080950292 4.50372201572 -0.0797341124957 5.0 0.0
Mean moving average
0.0 0.0 0.470286544423 -0.0311365311884 1.01010041271 -0.0849446355535 1.49631968906 -0.119721994394 2.02492055767 0.0205439852376 2.47325126987 -0.0678520407397 2.99492829039 -0.119529694748 3.49940701935 -0.144320433643 3.98598697803 -0.143547601599 4.49541949857 -0.000105878192701 5.0 0.0
0.0 0.0 0.383089476579 0.113642539278 0.874710739738 0.272675667633 1.42326714268 0.269408594844 1.88154356158 0.359543125311 2.40422905041 0.22704174861 2.97477170436 0.227194101103 3.50885787302 0.0901982315423 4.01017271565 0.0814389103824 4.56097491153 -0.0062825839803 5.0 0.0
0.0 0.0 0.449277686127 0.220273158855 0.967953766322 0.196877678455 1.41355614127 0.35056426553 1.94006587864 0.275044290239 2.48451476215 0.155606178766 3.07243988219 0.0357116968695 3.54965852965 -0.102215378025 4.01101831507 -0.151116799344 4.48739327128 -0.245455702516 5.0 0.0
0.0 0.0 0.502292219762 -0.0790850994966 1.08532825739 -0.110763468067 1.58577362529 -0.252069670766 2.07035390965 -0.266438042326 2.59472821675 -0.202182616124 3.05091913811 -0.15253920123 3.57317084586 -0.22400982401 4.10591886417 -0.0834682988553 4.48864910001 -0.0466143800735 5.0 0.0
0.0 0.0 0.490769350843 0.0740463471782 0.873271521833 0.0427142479251 1.31786833976 -0.0737506611402 1.77511829399 -0.147179214369 2.29362864048 -0.281759973757 2.85451022127 -0.21739402336 3.43019483232 -0.117954772429 3.9375320117 -0.0380299932168 4.45793439899 -0.107318758136 5.0 0.0
0.0 0.0 0.504718731989 -0.193127375861 1.0535450028 -0.291421244988 1.56540705125 -0.448906487488 2.04505543165 -0.451397406971 2.63670743833 -0.380889312018 3.17359567383 -0.369803068751 3.67927445436 -0.303154640587 4.20079787359 -0.219284181257 4.58164754112 -0.194618212156 5.0 0.0
0.0 0.0 0.511486706493 -0.0830097530468 0.924360727131 -0.0881705895249 1.46323981841 -0.182670637303 1.91954797489 -0.142236866958 2.42261363319 -0.239650571378 2.97703121651 -0.231915458746 3.45855740908 -0.137232198951 3.97862921039 -0.0312998775375 4.49381730892 0.00695738382909 5.0 0.0
0.0 0.0 0.479815681115 -0.194337175489 0.925665130615 -0.308645983758 1.44837536403 -0.328528711002 1.99026688985 -0.4741798817 2.51264948175 -0.555577252378 3.02320010712 -0.463369839311 3.49642065398 -0.422929198247 3.95800474432 -0.276104447566 4.45652734654 -0.0586277250859 5.0 0.0
0.0 0.0 0.551729083062 -0.0631087457573 1.04394896424 -0.291324505266 1.59754625483 -0.36727019595 2.09035766258 -0.350898762657 2.50283674431 -0.382386509579 2.96627774689 -0.335892829021 3.48431375092 -0.350994043176 4.03929983869 -0.206812923066 4.45358071113 -0.13821948876 5.0 0.0
0.0 0.0 0.587295851264 0.0791791153731 1.17579487164 0.0370123557746 1.80778873931 0.0453136296844 2.29730235447 0.0089810511613 2.83237714458 0.030897696216 3.28259535664 0.050226690644 3.69922387565 -0.0038825112817 4.17181782929 -0.00258429086037 4.56127606917 -0.00705577988614 5.0 0.0
Autocorrelation
1 0.518380131158
2 0.350814489878
3 0.238104216701
4 0.165755863276
5 0.124892808007
6 0.0845619498629
7 0.0694583233158
8 0.0424612104425
9 0.0171507702803
10 -0.0138468634706
11 -0.0282073811815
12 -0.0361371387493
13 -0.0375946766565
14 -0.040010435182
15 -0.0401044998506
16 -0.0296228695134
17 -0.0291226955407
18 -0.0389863260106
19 -0.0383747805383
burnin 100
Sampling time = 2.56599998474
Mean 0.0 0.0 0.52657586833 0.0285693881572 1.05059055023 0.0681602150488 1.58583146304 0.0851587258833 2.11032203462 0.104612831198 2.60221003723 0.100270572805 3.11733363206 0.102330667509 3.5745446128 0.100406951098 4.06898124525 0.0564869976021 4.52122549834 0.0345130946324 5.0 0.0
Mean moving average
0.0 0.0 0.50990684859 -0.0784822087745 1.03174080873 -0.126497624255 1.65298358273 -0.0933358086255 2.165675773 -0.0850087034414 2.7237741152 -0.0260753373422 3.09639237642 0.0865005874552 3.598143831 0.172945538651 4.08798245521 0.174465900233 4.52091749295 0.0527798125421 5.0 0.0
0.0 0.0 0.500461083209 0.115713110141 1.08024524196 0.0788141435235 1.59758642261 0.0751876990536 2.19815974105 0.0436049950401 2.6885461446 0.0319911508006 3.19785156212 -0.17344626826 3.60435572256 -0.0168741929824 4.09190518481 -0.097960672717 4.47399979695 0.045063499235 5.0 0.0
0.0 0.0 0.403125657073 -0.0303241638938 0.749746493606 0.176843815723 1.33199468459 0.151700080634 1.83828047088 0.246239654407 2.33705181223 0.216731610038 2.88456036783 0.223522823116 3.38420831263 0.135990680697 3.9164425473 0.147856752076 4.48178482435 0.0507505444965 5.0 0.0
0.0 0.0 0.648519747389 -0.0460912786339 1.13938432852 0.0843378198154 1.6460863084 0.0623374154301 2.15260766494 0.0325364984989 2.56448520324 -0.00956353810814 3.10156027413 0.00266612838829 3.5074102329 -0.00188952849857 4.05253451073 -0.0180502012095 4.45787417227 0.00400946146546 5.0 0.0
0.0 0.0 0.540048286342 0.10271083521 1.1923951466 0.149606225387 1.70229503141 0.333306298677 2.24190622818 0.42519737796 2.76286599543 0.417109237471 3.2911284117 0.381407067529 3.75966272019 0.365156783588 4.20107103667 0.244081107558 4.70097579561 0.121325874744 5.0 0.0
0.0 0.0 0.645504116739 0.0892357047199 1.29172180555 0.0692800811658 1.75598967565 0.147610081478 2.2676496903 0.132151554337 2.66855435566 0.0953693135538 3.18700548733 0.135126435411 3.58342889284 0.113647074292 4.114747149 0.064143826878 4.51188738401 0.102046510251 5.0 0.0
0.0 0.0 0.552389120495 -0.00768190374432 0.977614510994 0.0249367627686 1.56078346681 0.0451221591491 2.06750412506 0.0675130503673 2.64128369289 0.104899230978 3.21844921685 0.0830863227975 3.67362668312 0.055620478322 4.17997724823 -0.00183873341263 4.62174353651 -0.0223439627712 5.0 0.0
0.0 0.0 0.567382098316 -0.0164792455986 1.1286453647 -0.091554853067 1.7172245664 -0.186177601613 2.16592821177 -0.197508419007 2.65498479041 -0.152129002766 3.12262523363 -0.169248561602 3.61349390123 -0.196054872149 4.03718818809 -0.19853354057 4.48642726458 -0.0669810896197 5.0 0.0
0.0 0.0 0.427532890701 -0.0193835533913 0.919983433502 -0.00704165706377 1.37958313392 -0.0620695910479 1.97446066044 -0.0352976691386 2.41282824217 -0.1050031057 2.98569895853 0.00375167838719 3.47116059334 -0.0378804439974 3.95074465485 0.0378837285199 4.41719841188 -0.0121690413847 5.0 0.0
0.0 0.0 0.470888834445 0.176476585538 0.994428368195 0.322877436491 1.51378775786 0.377906525699 2.03104778055 0.416699972952 2.56772602046 0.429376169121 3.0880644321 0.44994046187 3.54995523823 0.413407993062 4.05721947758 0.212821808665 4.53944630428 0.0706493373657 5.0 0.0
Autocorrelation
1 0.511284024532
2 0.330337504547
3 0.229217533162
4 0.16928058839
5 0.114418221757
6 0.0822046254928
7 0.050081628063
8 0.0298748485972
9 0.0212984425069
10 -0.00661819505377
11 -0.00950045917173
12 -0.0160857466305
13 -0.0197089702641
14 -0.0208557372025
15 -0.0164120171604
16 -0.0169641929528
17 -0.0314259854303
18 -0.0359793604118
19 -0.0601897316653
burnin 10 skip 2
Sampling time = 4.70000004768
Mean 0.0 0.0 0.461864803691 -0.0336582879796 0.98295140583 0.00521642997741 1.50650258981 -0.0235419639108 2.02903737763 -0.0308719336957 2.50046717764 -0.0271037367864 3.0178267984 -0.00691322639564 3.52629999799 -0.0292628232633 4.02392693114 -0.0150842040929 4.50371488948 -0.00333685934625 5.0 0.0
Mean moving average
0.0 0.0 0.58176589422 0.0335302504765 1.11429859686 0.153423185184 1.72744172029 0.174856830393 2.26315577003 0.219936438296 2.68569104376 0.215231010164 3.05064614924 0.196393476539 3.56413127496 0.112362899878 3.95545546144 0.0112956881 4.4703611955 0.0241549712439 5.0 0.0
0.0 0.0 0.458047626288 -0.049949566948 0.992874194476 -0.0494180458892 1.46390172262 -0.0305954524801 1.98011773154 -0.0467496450174 2.42118745373 -0.0234350930902 2.87365617878 -0.0071088447403 3.3475042549 0.0162725688931 3.96848090458 0.108432777123 4.50006429873 0.077466364485 5.0 0.0
0.0 0.0 0.415418783355 -0.118541136773 0.935823572779 -0.0418020599765 1.50978921038 -0.0828638006182 2.14670800026 -0.235865859903 2.57165455219 -0.241106468538 3.09848759849 -0.153759903475 3.58673949205 -0.195491435451 4.11638442133 -0.126726805399 4.50381729122 -0.118249931711 5.0 0.0
0.0 0.0 0.597388373895 0.0163302583264 1.0815811574 0.16015431499 1.5498441375 0.243507561578 2.08434403115 0.316188157361 2.5640818953 0.334524575787 3.07644423915 0.3632177244 3.56933440086 0.274927628615 4.1002813367 0.23888556859 4.52815350473 0.0751236363185 5.0 0.0
0.0 0.0 0.468111485062 -0.129467961076 0.941161001291 -0.0454971296829 1.45538538467 -0.0574166099832 1.85185595027 -0.118121798219 2.30408795075 -0.126282675327 2.86859280976 -0.0748537311259 3.47137603213 -0.122305686175 3.94764195675 0.0248411224189 4.4731430052 -0.0235720065665 5.0 0.0
0.0 0.0 0.499737757858 -0.147365070376 1.13193433332 -0.266139801085 1.66995988391 -0.370166488952 2.16410539041 -0.394952917485 2.74525382076 -0.432812234702 3.26385350352 -0.436098803607 3.76868226228 -0.373329338833 4.21794181417 -0.34081721083 4.54993244871 -0.14211182632 5.0 0.0
0.0 0.0 0.295904585066 -0.191802987461 0.882939130088 -0.171404472006 1.37305180896 -0.333936170599 1.82580115749 -0.331885203228 2.28798057545 -0.336863610585 2.90165150259 -0.199915483625 3.39334970182 -0.210167092827 3.92157335035 -0.125724291603 4.42240713223 -0.0443408231364 5.0 0.0
0.0 0.0 0.383418102915 0.105970316864 0.920716247526 0.229495031871 1.47861217815 0.230052376748 2.00352326789 0.267743161712 2.52672982612 0.238450986368 3.02040553963 0.151440945723 3.5626258399 0.1114666302 4.04277256066 0.00152612222905 4.56579518961 0.0523861820562 5.0 0.0
0.0 0.0 0.559008105545 0.10869685335 1.03198579608 0.217810672016 1.52644145779 0.200219485705 2.03751505371 0.165529258737 2.46410989775 0.314967799274 3.03434023429 0.262971800999 3.51010432174 0.220592429696 4.02296460612 0.150935849417 4.522093699 0.137822373888 5.0 0.0
0.0 0.0 0.3598473227 0.0360161638202 0.796200028477 -0.134457395647 1.31059839383 -0.209077370898 1.93324742357 -0.15054092921 2.43389476057 -0.213711657217 2.99019022859 -0.171419445044 3.4891523992 -0.126956836628 3.94577289928 -0.0934908609752 4.50138112991 -0.0720475337204 5.0 0.0
Autocorrelation
1 0.371546502812
2 0.204281854122
3 0.129241480836
4 0.0748844087145
5 0.0656668084591
6 0.066043759094
7 0.061387453932
8 0.0451456985885
9 0.0472643100562
10 0.04815759194
11 0.0317400743578
12 0.0162486177928
13 0.0201281363072
14 0.0143773050481
15 0.0242671743414
16 0.0229813045527
17 0.020522273335
18 0.00769566939435
19 0.00343665967257
burnin 10 skip 10
Sampling time = 23.2760000229
Mean 0.0 0.0 0.46868970757 0.00174852969697 1.03246599167 0.00785543574234 1.53973833749 -0.00140172390226 2.06320250722 0.0200039852425 2.57575004925 -0.0119337510912 3.04695141306 -0.0011687371373 3.53819662388 -0.0240511060427 4.04875695618 -0.0223540210358 4.52807140788 -0.0177370436922 5.0 0.0
Mean moving average
0.0 0.0 0.542831337084 -0.0560278829781 1.14100840826 -0.0199549993885 1.53502233268 0.0203120684204 2.03042184066 0.0130568090479 2.49857130421 0.00242383614905 3.07723224534 0.00434891203471 3.58920054827 0.0494189897053 4.11837350147 -0.0703072915713 4.59157399684 -0.00685298734888 5.0 0.0
0.0 0.0 0.430768954676 0.0367733237483 1.0015833002 -0.00661229186666 1.55980868262 -0.0552252567056 1.94123085864 -0.0519321571991 2.53813286052 -0.0701681515623 2.97375160856 -0.0220011495155 3.5421502808 -0.0128207082948 4.03393337921 0.154581515678 4.52431452731 0.048307654476 5.0 0.0
0.0 0.0 0.534855847951 0.055182169516 1.08315618307 0.13295593711 1.57686747659 0.0781658921942 2.11119414271 -0.0403391737607 2.61663495741 -0.0927045651835 3.12521956548 -0.00914181794566 3.47512245303 -0.174801566891 3.97300846127 -0.214680924894 4.52377316908 -0.0591030523365 5.0 0.0
0.0 0.0 0.438240559157 0.00153285363969 1.0434377462 -0.0326929863405 1.5614216877 -0.0720424994421 2.11293372128 -0.111163913647 2.54441328009 -0.0818867148829 3.02247760221 0.0167387518709 3.49928531078 0.0190007966153 4.00078390492 0.0227260028123 4.41879688794 0.060971341233 5.0 0.0
0.0 0.0 0.400423763372 0.0173153442419 0.996388779916 -0.0486303795055 1.57543007245 0.0724759001801 2.16393067245 0.137337820985 2.70818465962 0.144797106299 3.14820356974 0.0442014674215 3.58096352969 0.0132574377529 4.00599087393 -0.0429430347713 4.50325196286 -0.0269450081181 5.0 0.0
0.0 0.0 0.391201714864 0.0113436708609 0.880389819493 0.0363125874753 1.46190854872 0.0231989423688 2.02103426411 0.0990274448136 2.58537147687 0.079967559365 3.04607716482 0.0724520737698 3.50679218304 0.0451937483318 4.02261499653 0.069673567793 4.41540289582 0.0732245989469 5.0 0.0
0.0 0.0 0.402433609077 0.0529596076235 0.939890388752 -0.0112108797472 1.4715568678 -0.0131082471416 1.94963813813 0.0533044629156 2.5650082287 0.0835729305742 3.09460085909 0.0513971678343 3.52415238285 -0.0268761430073 4.07244204754 0.0188256690868 4.60202299554 -0.076924259643 5.0 0.0
0.0 0.0 0.518466509107 -0.0563944435054 1.10222331894 -0.0288048143492 1.62609523999 -0.0769945998437 2.13902458782 -0.0254889610956 2.61287739938 -0.149964062617 2.99833499818 -0.160338098249 3.5720273534 -0.0634848581926 4.14295009934 -0.023906054766 4.64266658966 -0.0612523221055 5.0 0.0
0.0 0.0 0.561494170646 -0.0179278261553 1.05913721254 0.0322682930033 1.53381909219 -0.0270061743251 2.13717863632 0.0184880503531 2.59462559171 -0.0282099271248 2.99887120607 -0.000478538778221 3.51012460574 0.046241258652 4.0220402285 0.0494846925888 4.48606714491 0.0398015804041 5.0 0.0
0.0 0.0 0.466180609771 -0.0272715200217 1.07744475937 0.0249238910324 1.49545337416 0.0362067352717 2.02543821008 0.107749470011 2.49368073397 -0.00716552192863 2.98474531107 -0.00886613981561 3.58214759113 -0.135640015099 4.09543206913 -0.186994352314 4.57284390889 -0.16859798243 5.0 0.0
Autocorrelation
1 0.0249711551408
2 -0.00733874267743
3 7.51916175787e-05
4 -0.0112666503888
5 -0.00938816558101
6 0.00605681214669
7 0.00906796490946
8 -0.0103657845403
9 -0.0288963366866
10 -0.00989383896314
11 -0.00616091594508
12 -0.000164177005266
13 -0.0201206409247
14 -0.0168511056946
15 -0.0100419262451
16 0.00645453170933
17 -0.0130660845409
18 -0.00135305454587
19 -0.00507571532019
Particle set Gibbs sampling
burnin 1
Sampling time = 3.52800011635
Mean 0.0 0.0 0.5 0.866025403784 1.0 1.73205080757 1.5 2.59807621135 2.02687860881 2.93512726329 2.4984086208 2.80342968071 3.00745439659 2.43328226813 3.51435536781 1.86884149448 4.01927848864 1.21511269425 4.50522602084 0.598781419711 5.0 0.0
Particle set Gibbs sampling
burnin 2
Sampling time = 8.18799996376
Mean 0.0 0.0 0.5 0.866025403784 1.04239937812 1.5631267934 1.53463382382 1.94380472561 2.02545244051 2.08284334345 2.54167862663 1.97835065412 3.04742386783 1.72538113347 3.55193961307 1.34007468233 4.06453814721 0.891386281624 4.52817149876 0.452930335781 5.0 0.0
Particle set Gibbs sampling
burnin 3
Sampling time = 12.7120001316
Mean 0.0 0.0 0.521559648536 0.670738976974 1.03320559426 1.155492627 1.51702734454 1.48760947694 2.02709495054 1.57456122981 2.54514467674 1.51103232196 3.03170850625 1.30205324659 3.52948340798 0.982480348314 4.04623439602 0.658410099259 4.50274133065 0.340573229784 5.0 0.0
Particle set Gibbs sampling
burnin 4
Sampling time = 17.2970001698
Mean 0.0 0.0 0.511006453211 0.496251874044 1.00476968891 0.869997723438 1.52256278158 1.08476363814 2.02681543036 1.1654957815 2.51080341786 1.10961895072 3.04316209838 0.980757819396 3.56175656052 0.788173313039 4.04786017721 0.492592322063 4.52496691954 0.220927909375 5.0 0.0
Constrained rejection sampling
1000 / 29460 within tolerance
Sampling time = 7.0759999752
Mean 0.0 0.0 0.510710170222 -0.0192195916261 1.01254207822 0.0127208163884 1.46435957802 -0.00870982719625 1.96274852524 -0.00758577703933 2.46205270981 -0.00416361514416 2.96625259613 0.0426289330698 3.50283069765 0.0106797449017 4.03151432337 0.00739943551878 4.52471764734 -0.0242246864373 5.0 0.0
Mean moving average
0.0 0.0 0.485989206111 -0.0464391335372 0.99164413011 -0.0485035758368 1.49559483767 -0.0551594509036 1.94404576914 -0.0540672782122 2.43282492794 -0.0508527198918 3.04715640622 0.112130769623 3.4744066171 0.096886634845 4.02746370073 0.0230295555437 4.53721452561 -0.0430706363171 5.0 0.0
0.0 0.0 0.512508367945 0.0898778067891 1.02921678997 0.132700812086 1.40865772752 0.144183008332 1.90634359698 0.180005326574 2.39518214949 0.171710186921 2.91498591352 0.207207420532 3.49632065838 0.206544245101 4.02808645286 0.181644569788 4.52931820623 0.115401890861 5.0 0.0
0.0 0.0 0.529821600966 0.0832178294458 1.09070255623 0.117877437805 1.57896980481 0.162893613984 2.06700092592 0.0748277592301 2.64270210151 0.175793192001 3.05381136706 0.232383632259 3.59872172938 0.0505194985961 4.1031154234 0.0469265604726 4.60789841735 -0.0647718227424 5.0 0.0
0.0 0.0 0.529863430804 -0.014386871846 0.968158865345 0.105818496208 1.60346177813 0.0889562592148 2.11617416929 0.166536299778 2.63170287484 0.199353689177 3.09901889927 0.241502098068 3.64577150482 0.16172126354 4.0449801541 0.080733401236 4.54942341523 -0.0943878330463 5.0 0.0
0.0 0.0 0.560156195924 -0.000924504690141 1.06214141868 0.091361543275 1.52096244139 0.0141843426839 1.98006644462 -0.0159360086411 2.45948105175 -0.209703838306 2.97172480918 -0.178369241414 3.50260179664 -0.160543513113 4.09709130466 -0.181397422138 4.58961956677 0.0863246274639 5.0 0.0
0.0 0.0 0.435495069496 -0.0618816987323 0.871257900107 0.0311667539811 1.27458464501 -0.0716923537028 1.8924648533 -0.15322109656 2.39024671262 -0.234746932722 2.93529421828 -0.308262985752 3.54598054758 -0.24220692835 4.05495332395 -0.180849812373 4.51101859718 -0.123686751018 5.0 0.0
0.0 0.0 0.460662993331 -0.113225572313 1.00609083497 0.00330348772845 1.41759716795 0.021772199207 2.05587173709 0.123086119834 2.58015553789 0.132456697043 3.1317174112 0.161993861268 3.57993794329 0.0503954406717 4.07234186675 0.0749608388544 4.50743884964 0.0619156123499 5.0 0.0
0.0 0.0 0.56480211722 -0.188865212264 1.03674212445 -0.315541645335 1.44589656737 -0.355791704566 1.90517275031 -0.292620242302 2.40717590736 -0.171482974527 2.80288430012 -0.0619071515615 3.3422508739 -0.0553554113937 3.89018134175 -0.0295425998972 4.42991802781 -0.151668863553 5.0 0.0
0.0 0.0 0.52303624561 -0.026556735441 1.03183150262 -0.000241508681407 1.37826746618 -0.0156147816226 1.79017690851 -0.110068423791 2.25644401143 -0.0769348052875 2.83884636558 0.0296068295332 3.45081649073 0.00551453343054 4.00775692821 0.0424360063426 4.48914076006 0.0538821109651 5.0 0.0
0.0 0.0 0.50476647481 0.0869881763281 1.03763465975 0.00926636265437 1.51960334417 -0.0208294045894 1.97016809725 0.00559977369754 2.42461182323 0.02277135415 2.86708627084 -0.00999590185831 3.39149881468 -0.00667831431132 3.98917273734 0.0160532573584 4.49618610754 -0.0821851993357 5.0 0.0
Autocorrelation
1 -0.00886910467703
2 -0.0204556775121
3 -0.000188815326118
4 0.0227401708925
5 -0.00896691427618
6 -0.0289531619568
7 0.0284541113253
8 0.0253050873243
9 0.0117838652784
10 -0.0169158991723
11 0.00288496714359
12 0.0286434259873
13 -0.0240473966545
14 -0.0334055079903
15 0.0166604819671
16 0.00909741911115
17 0.00292968579454
18 -0.023689266782
19 0.000286229093442
