Gibbs/metropolis autocorrelation
1 0.0 0.0 0.139287447 0.125812590954 0.127051967344 0.105359141511 0.0730561566609 0.0606528262579 0.0 0.0 0.0
2 0.0 0.0 0.0198965049735 -0.0288962556532 -0.00847788982009 0.0478885528805 0.00407485290579 -0.00838177760204 0.0 0.0 0.0
3 0.0 0.0 -0.00459957916688 0.00270332011912 0.00526817967273 -0.0400209529031 0.0144779989886 -0.0712807633763 0.0 0.0 0.0
4 0.0 0.0 0.022447347225 0.0461995162786 0.0354515570681 0.0615564411747 0.0453628521517 0.0138350714037 0.0 0.0 0.0
5 0.0 0.0 0.0193816777496 0.00260189109805 0.0395770063464 -0.0183669609273 0.025536455328 -0.0154530707351 0.0 0.0 0.0
6 0.0 0.0 0.00645682260398 0.0069812150863 -0.0241102632129 0.00783360069524 0.00287279558831 0.00921446895688 0.0 0.0 0.0
7 0.0 0.0 0.011217166011 -0.069011543217 -0.0344676861731 -0.0674218277808 -0.0205212238111 -0.0261711477557 0.0 0.0 0.0
8 0.0 0.0 -0.0139571907382 -0.0652431824166 0.0113195146585 -0.0644263192349 -0.0420935573489 -0.0442048350395 0.0 0.0 0.0
9 0.0 0.0 -0.0961800198621 -0.0462322841668 -0.0597623876481 -0.0486899063681 -0.0908691614707 0.00215702864988 0.0 0.0 0.0
10 0.0 0.0 0.00232163168002 -0.00127446012138 -0.0119055280318 0.00491418816488 -0.0268521581313 0.053766894915 0.0 0.0 0.0
11 0.0 0.0 -0.0165862251786 -0.000438226218541 -0.0524687556165 1.7195621077e-05 -0.0124031515998 0.0414676601579 0.0 0.0 0.0
12 0.0 0.0 -0.0394364996861 0.0184802082665 -0.0401960872697 0.00823347208281 0.0175055805121 0.0237617301131 0.0 0.0 0.0
13 0.0 0.0 0.0308697919452 0.00751785747703 -0.0302314825311 -0.00917658596613 -0.023346042216 0.00325553604414 0.0 0.0 0.0
14 0.0 0.0 -0.00121061948937 0.053374078126 0.0150439980306 0.0127316882298 0.0104334170708 0.0310963524655 0.0 0.0 0.0
15 0.0 0.0 0.0426869807318 0.0475489849791 0.00555702946837 -0.0302485436958 0.0176409857997 0.039241304262 0.0 0.0 0.0
16 0.0 0.0 0.00706687992544 0.0412444869385 0.015480486099 0.05488001952 -0.00821395394515 -0.0342104826995 0.0 0.0 0.0
17 0.0 0.0 0.00359731422805 0.0103484268463 -0.00426822941672 -0.00640395275991 0.00796214315668 0.0149252962606 0.0 0.0 0.0
18 0.0 0.0 0.0681180829423 -0.0269140147831 0.0268554699454 0.0242239810367 0.00479162209543 -0.0361752214088 0.0 0.0 0.0
19 0.0 0.0 -0.019392341271 -0.0389192932377 0.0215904903607 -0.0660411624726 -0.032909305968 -0.0453024954928 0.0 0.0 0.0
Particle set Gibbs sampling autocorrelation 2
Warning, gibbs step failed
Warning, gibbs step failed
Warning, gibbs step failed
Warning, gibbs step failed
Warning, gibbs step failed
Warning, gibbs step failed
Warning, gibbs step failed
Warning, gibbs step failed
Warning, gibbs step failed
Warning, gibbs step failed
Warning, gibbs step failed
Warning, gibbs step failed
Warning, gibbs step failed
Warning, gibbs step failed
Warning, gibbs step failed
1 0.0 0.0 -0.00736774756675 0.053880448169 0.00990486166089 0.0688090920481 0.0358460447121 0.00104846825199 0.0 0.0 0.0
2 0.0 0.0 -0.0115942887101 0.107344618786 -0.0225861249553 0.0266921802661 0.00112620778008 -0.0861898281728 0.0 0.0 0.0
3 0.0 0.0 0.0187935676337 0.0130684087821 -0.00111045712347 0.0182669504146 0.0286289439594 -0.0257512959821 0.0 0.0 0.0
4 0.0 0.0 -0.020841396352 -0.0255797597497 0.00672789392995 -0.0550507028426 0.0401587416072 -0.00335189911425 0.0 0.0 0.0
5 0.0 0.0 0.0645326828893 -0.0592233911445 -0.00854532192769 0.0326784127746 0.0157114604121 0.0208281992951 0.0 0.0 0.0
6 0.0 0.0 0.0149691964985 -0.0224668531766 0.00358682125906 0.0219316040722 0.0387541671618 0.0390674937077 0.0 0.0 0.0
7 0.0 0.0 0.0104707201525 0.0441875658801 0.0269457486288 0.0325394300103 0.0209988769373 -0.000655299008084 0.0 0.0 0.0
8 0.0 0.0 -0.00296676482697 -0.0105785032546 0.0266398576009 0.0131709663614 0.0531639630444 0.0376892986285 0.0 0.0 0.0
9 0.0 0.0 0.00249722556211 0.0402268685133 0.00512184234762 0.0121593649232 -0.00141442157398 -0.0572035436765 0.0 0.0 0.0
10 0.0 0.0 0.0758423451689 -0.0186623714361 0.0283760449573 -0.0264278705231 -0.0439311441374 -0.055968425599 0.0 0.0 0.0
11 0.0 0.0 0.0191385757648 -0.00751448328487 0.00480735713871 -0.0482375448616 -0.0628864940054 -0.0228955235558 0.0 0.0 0.0
12 0.0 0.0 0.0806415574905 -0.00321308406381 5.0749556753e-05 0.00930757261396 -0.0224183603074 -0.000950201659247 0.0 0.0 0.0
13 0.0 0.0 -0.0270203334079 0.0295597676065 -0.056756693373 -0.0105403028102 -0.0208607820905 0.0449360895842 0.0 0.0 0.0
14 0.0 0.0 -0.0430256733636 -0.0146939542788 0.00511507637093 -0.0153312962516 0.000671872656462 0.010270104419 0.0 0.0 0.0
15 0.0 0.0 0.0354700103516 -0.0358458211601 0.0302780040341 0.00572521216809 0.00551770242639 -0.0153669032324 0.0 0.0 0.0
16 0.0 0.0 -0.044771443921 -0.0218618966831 0.0325887735706 -0.0661967450726 -0.00937419827357 -0.00194605684722 0.0 0.0 0.0
17 0.0 0.0 -0.0098735983076 -0.0240991300172 -0.00995860184888 -0.0167773602186 -0.0252298480555 -0.0237334086577 0.0 0.0 0.0
18 0.0 0.0 0.011148137341 -0.0421752243766 0.00594277018977 0.0537011840554 0.0239840902493 0.0325145648953 0.0 0.0 0.0
19 0.0 0.0 -0.0506682561544 -0.0595189514702 -0.0569931591549 -0.0696365795016 -0.0252194585986 -0.009721454434 0.0 0.0 0.0
Constrained rejection sampling autocorrelation 2
1000 / 219702 within tolerance
1 0.0 0.0 -0.0113040229985 0.0472099532336 -0.00281541994821 -0.00948295932275 -0.0126062350335 0.0384409353444 0.0 0.0 0.0
2 0.0 0.0 -0.0102678880854 0.0232419725875 -0.0489930506851 0.0110065391938 -0.0209478710274 -0.0140479505345 0.0 0.0 0.0
3 0.0 0.0 -0.00861384941979 0.00949917099916 0.0194356066459 0.0598536672575 -0.00501632100348 0.0515140319129 0.0 0.0 0.0
4 0.0 0.0 -0.0152888925638 -0.0386406476527 -0.0112754517088 -0.0153558346394 -0.0583911960203 -0.0363326588203 0.0 0.0 0.0
5 0.0 0.0 0.0140010660778 -0.0161966336653 0.0225761163662 0.00806792865246 0.0357429976617 0.0140399116114 0.0 0.0 0.0
6 0.0 0.0 0.0178148667214 -0.0206309374748 0.0307664291956 -0.014252069023 0.016508454533 -0.0122276370431 0.0 0.0 0.0
7 0.0 0.0 -0.00749959303524 0.017212020312 -0.00875681841988 0.0380134098138 -0.0112510020488 0.01404388501 0.0 0.0 0.0
8 0.0 0.0 0.0160697082057 -0.0084103270048 0.0130708113484 0.0399563320137 0.000454411420457 0.0471951162976 0.0 0.0 0.0
9 0.0 0.0 0.000720809366891 -0.0004769851126 0.0309862986649 0.0162456188416 0.0310160835084 -0.0449246856097 0.0 0.0 0.0
10 0.0 0.0 -0.00195382622037 -0.00284454993343 0.0230969822199 0.0105016218358 -0.0136252089395 0.0247679675718 0.0 0.0 0.0
11 0.0 0.0 -0.0547287866241 -0.0124544155458 -0.0216182953045 0.0401201716097 -0.0283126829904 0.00953691410471 0.0 0.0 0.0
12 0.0 0.0 -0.0675426515057 -0.0427514801291 0.00856624095756 -0.041792921176 -0.00398270092376 -0.086383240336 0.0 0.0 0.0
13 0.0 0.0 0.0280749606269 -0.0230079502043 0.00738458893182 0.0246231925565 -0.043826329158 -0.0617611992183 0.0 0.0 0.0
14 0.0 0.0 -0.000569662698173 0.0762921928794 -0.00477761770326 0.0637521467848 -0.0144593937637 -0.00822365809176 0.0 0.0 0.0
15 0.0 0.0 -0.0193254771902 0.0162803978259 -0.0650431937663 0.0723625107982 0.0149623169267 0.00282201878394 0.0 0.0 0.0
16 0.0 0.0 0.00798951018858 -0.00363332093662 -0.0450590961504 -0.00813824469355 0.0162488818123 -0.0303459892814 0.0 0.0 0.0
17 0.0 0.0 -0.0597869466845 -0.00380323632366 -0.0454526198868 0.0351697432349 -0.0246746953016 0.0512783145546 0.0 0.0 0.0
18 0.0 0.0 0.0250171338685 -0.0405696139702 -0.00844015319629 -0.0417425323267 0.0151982226888 -0.0496371712259 0.0 0.0 0.0
19 0.0 0.0 0.0209631459731 -0.0497349917576 0.00349772072127 -0.028172568804 0.0285710244441 -0.00869137890514 0.0 0.0 0.0
