n 20
numsamples 1000
Gibbs/metropolis
burnin 10
Sampling time = 5.26799988747
Mean 0.0 0.0 0.536228053116 0.0208687640869 1.11679343059 0.00887765766129 1.67959466399 -0.0146154310291 2.21941234678 0.0235407646644 2.81252719167 -0.00708047108689 3.37284005541 0.0182202566981 3.93460185993 -0.00971319591442 4.48423550241 -0.0145679799826 5.02448266561 -0.00882729294843 5.54762062518 -0.00820537871637 6.05782066857 -0.018304708487 6.5463097563 -0.0165262162658 7.0136433741 -0.043194869098 7.43259349415 -0.0122849342791 7.84873085394 -0.0433759070394 8.27010115094 -0.0506581634935 8.7351586169 -0.0144101552023 9.1837354522 -0.00217455428956 9.60741155 0.00714659079628 10.0 0.0
Mean moving average
0.0 0.0 0.370929958726 0.182447687966 0.883481375291 0.328232632891 1.41443501604 0.367229209349 2.01623842069 0.433541499059 2.64996581251 0.443024359256 3.18127647253 0.486985764918 3.74388264856 0.460475397417 4.34430770321 0.408760816576 4.99008252884 0.30629343302 5.6644704555 0.179256115939 6.25476245883 0.0599393296678 6.93775650367 0.0688324975283 7.38597293906 0.0807780735123 7.83947572056 0.0570548727053 8.18065935671 -0.0163906727756 8.50527321065 -0.0742927663325 8.8980851511 -0.131249808343 9.29628621146 -0.100090974614 9.66064413704 -0.0488652505653 10.0 0.0
0.0 0.0 0.614266979953 -0.0137171096943 1.3297301014 -0.00752526225968 1.9889195558 -0.112929145383 2.62556427539 -0.0945062816338 3.24043959992 -0.145505762422 3.85460819181 -0.0401979402568 4.4038923439 -0.204149216396 4.91316482037 -0.263385908055 5.41470843408 -0.274009398403 5.86244796514 -0.158254141694 6.3218210614 -0.237028488131 6.81942222436 -0.251042617298 7.26095922517 -0.317259476141 7.74942579938 -0.171062551075 8.0171878668 -0.079549965936 8.40424155729 -0.0194784371908 8.80159256047 0.0342475180277 9.24924817874 0.0104419889521 9.60472290944 -0.00264480677454 10.0 0.0
0.0 0.0 0.56110201464 0.207930678254 1.22421799578 0.294633848407 1.79548497572 0.381985214504 2.29281959758 0.488064110137 2.8204313719 0.481919522648 3.3601687515 0.514073716247 3.80134502128 0.567156555855 4.38118159345 0.486758109819 4.88249401832 0.557887735522 5.3784755868 0.332963105089 5.92196666095 0.250234500076 6.39395581721 0.153368620943 6.92883347015 0.121038733472 7.27046257019 0.148023449605 7.71105732588 0.00918973437478 8.11404603588 0.0701107724322 8.58357650535 0.055885614989 9.07501945344 0.0502692969118 9.58009872458 0.0062722310243 10.0 0.0
0.0 0.0 0.559566400661 -0.154452479894 1.18732370297 -0.353532598504 1.70391514719 -0.452483390254 2.21353109065 -0.604616700898 2.74243408196 -0.674528489542 3.23664322549 -0.697350238835 3.75565316651 -0.692770617414 4.221456642 -0.656682433785 4.75893599181 -0.614037793979 5.27097931964 -0.524428210813 5.79664731052 -0.433148333047 6.28595645511 -0.331409285431 6.7091977665 -0.368957297605 7.22458967413 -0.364230576082 7.65180171912 -0.424654635363 8.12987831257 -0.434021062438 8.69500546678 -0.302506017945 9.15746420959 -0.13645582759 9.57341931227 -0.122657030956 10.0 0.0
0.0 0.0 0.736958624841 0.0613231229003 1.45815052107 -0.0515723737942 2.22817566957 0.0556270991232 2.94598975855 0.11785156639 3.76716122911 0.157113963941 4.48908343278 0.122580732667 5.20012191893 0.160023237209 5.86809196522 0.216327840212 6.46300803908 0.150171179744 6.95485101878 0.196985897712 7.47986441776 0.33966585591 7.84659802369 0.354852895885 8.2397247016 0.304016433208 8.54618878798 0.253222888123 8.86590136147 0.223929296313 9.1448520507 0.185182404472 9.38105016686 0.0143386388729 9.62844783454 0.0308758313414 9.81981725586 0.00107954069337 10.0 0.0
0.0 0.0 0.6784457051 0.0673623571975 1.23978101444 0.269207992781 1.85455491291 0.380490706536 2.46560971556 0.607238217234 3.12544556717 0.733146810963 3.76965030318 0.912599050234 4.32359490377 0.960019033245 4.89075142919 1.10686818716 5.37958266825 1.30411820252 5.94241659599 1.40985746285 6.43410369564 1.48046433104 6.9561181786 1.40074664253 7.51038566721 1.39575086676 7.93446518967 1.36040968287 8.32817866287 1.26842761632 8.68016784023 1.04164111179 9.13447970987 0.886760527635 9.49357905023 0.606617762282 9.76013700622 0.334239189362 10.0 0.0
0.0 0.0 0.547752406882 -0.0459775414408 1.03258421653 -0.235449824924 1.61166768543 -0.3199914111 2.0820653998 -0.299189495518 2.6394232068 -0.342571296924 3.12209233029 -0.335848563383 3.75913361888 -0.391973550676 4.28977622228 -0.422552402015 4.90502789143 -0.475237761497 5.48264858334 -0.396175873065 6.07631395734 -0.500275373391 6.59898487555 -0.445744079331 7.06548351911 -0.511523479621 7.5074801517 -0.402380512292 7.89450710744 -0.433891043883 8.40077554312 -0.348850822189 8.8178054441 -0.140155782604 9.26699480155 -0.0137196578629 9.60623011686 0.039096999553 10.0 0.0
0.0 0.0 0.510868599639 -0.035877969219 0.98525822882 0.0791379350969 1.56911604173 0.0599310167665 2.04630019057 0.0894857106783 2.65525657655 0.0569154719206 3.21625256514 0.197055135805 3.83124969823 0.21165819629 4.387939766 0.254649487332 4.97859586873 0.363880608569 5.47125554595 0.360593021967 5.8300930778 0.412087355494 6.27147377464 0.317370339961 6.7088965873 0.362383120657 6.99456409537 0.312906909715 7.45157205538 0.216641269087 7.87452656093 0.104696796191 8.35199021048 0.161489417688 8.90402687851 0.0793498869719 9.48961237777 0.000648030706313 10.0 0.0
0.0 0.0 0.385029475243 -0.0269902423629 0.974529738275 -0.084943287722 1.47987470871 -0.217594093875 2.01079502777 -0.115424009438 2.53242030366 -0.181438744997 3.12172975124 -0.100881533474 3.73436396783 -0.154036463119 4.34507508262 -0.13294148245 4.83282550714 -0.151102548756 5.33367787913 -0.216584046088 5.75951739833 -0.28058931122 6.20105564696 -0.274731572391 6.67713149091 -0.401044576046 7.07629324278 -0.290929959938 7.56685448351 -0.262119711729 8.00995634117 -0.300860958532 8.56848696556 -0.222313374947 9.02193297932 -0.123980024453 9.60598659426 0.0163622560313 10.0 0.0
0.0 0.0 0.397360365481 -0.0333608628387 0.852877411278 -0.14941248536 1.14980292683 -0.288419515958 1.49520999127 -0.387036969365 1.95229416715 -0.598880545714 2.37689553014 -0.876813556941 2.79278131136 -1.01353453156 3.20060979971 -1.14348201462 3.63956570843 -1.25623658623 4.11498330153 -1.26626711906 4.7031166471 -1.27439695127 5.1517760632 -1.15750560506 5.64984837401 -1.09713108918 6.18298970972 -1.02586354643 6.81958860026 -0.935340956804 7.43729405685 -0.73070867314 8.11951398841 -0.500598285396 8.74435492467 -0.425053824835 9.37344706565 -0.152065251112 10.0 0.0
Autocorrelation
1 0.750372991969
2 0.642840183443
3 0.5699614699
4 0.510183109667
5 0.462975568786
6 0.41820139548
7 0.378881183779
8 0.341613738278
9 0.304495659402
10 0.276391466834
11 0.256629741935
12 0.235540761669
13 0.220249217987
14 0.204181901884
15 0.189369717981
16 0.174861807941
17 0.156989507553
18 0.147920533828
19 0.137713776482
burnin 100
Sampling time = 5.87700009346
Mean 0.0 0.0 0.549094545863 -0.0494730615478 1.1513334234 -0.104788023907 1.72397986775 -0.111208206155 2.27281128453 -0.127284405863 2.81280041614 -0.119083788865 3.34299608385 -0.0849016982208 3.84144383405 -0.0617908895399 4.36061236797 -0.0254196656291 4.88128523673 -0.0158760384179 5.39174421061 0.0345859621292 5.88591225208 0.0503200072408 6.37045833892 0.0868131266049 6.82671622727 0.130717630416 7.29944062231 0.118940570416 7.7760860441 0.114658727241 8.23656982952 0.129077980426 8.69470812883 0.122823490456 9.12962984444 0.105477216898 9.55959525881 0.0525504066897 10.0 0.0
Mean moving average
0.0 0.0 0.240848598429 -0.059829393224 0.59904044058 -0.0898859615904 1.06712112819 0.000563712144394 1.59533756851 0.0569704846432 2.11706975802 0.157601889771 2.64583503806 0.207366097804 3.17260193119 0.289463157509 3.71883428603 0.244572795691 4.28104147953 0.457588168612 4.77460448315 0.436117044034 5.24379686133 0.519163986758 5.77219027368 0.581632365783 6.25916271951 0.594447884317 6.78805258488 0.627210619794 7.29524618061 0.501478104895 7.86873707129 0.500078445766 8.39093614271 0.362624063445 8.88161392876 0.210540349772 9.3836286919 0.111081470962 10.0 0.0
0.0 0.0 0.637619139533 0.0369591137071 1.33071459905 -0.00431221688605 1.95199622448 -0.102751219288 2.55793959249 -0.175349932753 3.07281957082 -0.221159924839 3.58475663323 -0.175402410295 3.99483615491 -0.0903287786334 4.41853452459 0.0667519459288 4.86320690075 0.160391890822 5.27733306276 0.214358832318 5.62483714347 0.387408579874 6.05768329186 0.43680528271 6.52674837 0.583177080239 7.01310205853 0.566855847534 7.52928942398 0.59964586088 7.96252823571 0.606618835729 8.47877998324 0.559835179234 8.96220979918 0.318394147427 9.41738567942 0.19195784915 10.0 0.0
0.0 0.0 0.854237480751 0.10546539098 1.67051172847 0.1568968518 2.40557803382 0.274590009824 3.18091705564 0.326050182063 3.81405160676 0.345616760902 4.44962401216 0.459001686789 4.92489566264 0.439330367138 5.43854782988 0.523504367855 5.99360852644 0.513033927943 6.48828544619 0.657596922775 7.03886594342 0.69559762151 7.49313794051 0.755782862266 7.87737318217 0.820675005103 8.26210156159 0.742415787682 8.60339678382 0.659446413455 8.92872264114 0.702974238777 9.22107333221 0.575277284041 9.51590529398 0.423124741536 9.76904660669 0.161292146338 10.0 0.0
0.0 0.0 0.391126579357 -0.199048733398 0.74682901476 -0.307243177795 1.1623111412 -0.476208279554 1.51556856465 -0.641370311586 1.9423404599 -0.712824495344 2.25568939599 -0.75604026267 2.75584993118 -0.821835437007 3.17559732415 -0.774242900526 3.75745460032 -0.81495475342 4.3288328323 -0.714254992411 4.88999674451 -0.709646648957 5.45168051504 -0.620614226692 6.02902458746 -0.536506228018 6.59243520933 -0.574598094934 7.22105726439 -0.428895173013 7.81704402841 -0.409355354435 8.35860967269 -0.288288156292 8.91569487967 -0.148834179386 9.4092612019 -0.0754098356961 10.0 0.0
0.0 0.0 0.333041732411 0.130879629859 0.890790530855 0.0556974569289 1.31512374562 0.160613471349 1.84450286688 0.141501638942 2.2773904219 0.177435760873 2.81089736491 0.307318962656 3.27954473076 0.39441533999 3.85080462524 0.443305467396 4.30235872687 0.571298436123 4.7751025364 0.578382946964 5.26399128933 0.594219026646 5.71418211786 0.536518217204 6.24351778403 0.424901469515 6.74045318866 0.367341903223 7.27321588996 0.272849913834 7.84190776943 0.251225270351 8.39599785448 0.230192387558 8.90188038045 0.168831133781 9.50568849737 0.0926521062925 10.0 0.0
0.0 0.0 0.654472278489 -0.171886534427 1.36314187259 -0.293013976418 2.01188959062 -0.385901363793 2.6359908639 -0.408142207668 3.26795926626 -0.516401488034 3.82312467134 -0.656586083423 4.32607049916 -0.793812479318 4.88817270876 -0.866458226595 5.27292013924 -0.959151877559 5.77505852827 -0.932246189045 6.17248550467 -0.947266024924 6.52382912926 -0.871642497822 6.96702209359 -0.744930867781 7.37669513693 -0.650492068689 7.6934923608 -0.646142919479 8.11715032738 -0.566445562686 8.52421830709 -0.416596751882 9.02816763566 -0.256818128208 9.44732124886 -0.0634627243886 10.0 0.0
0.0 0.0 0.475933142602 0.0207012693999 1.01419795569 0.140413226972 1.53945382282 0.204442592918 1.994386293 0.312853862335 2.53990575576 0.367502550282 2.96365514462 0.465896726705 3.51870264167 0.472496913413 4.02245829253 0.344030922197 4.51418734677 0.159239803743 5.06259449894 0.135783124221 5.51017724983 -0.00268757350732 5.92660434394 -0.0545964526328 6.34260166797 -0.0961928854474 6.81627883967 -0.193765095247 7.35588405745 -0.154918470712 7.88438335035 -0.187507915177 8.36763172909 -0.118171151933 8.88508184169 -0.0336530183407 9.43782735025 -0.0221541249313 10.0 0.0
0.0 0.0 0.45410179915 -0.024742432212 1.1049771961 -0.0402617272982 1.74162647703 0.0597333755157 2.2665275439 0.171115345884 2.75315190831 0.338186040937 3.37087866927 0.545118431244 3.81734737489 0.72630072915 4.32030677999 0.837397579182 4.89585005347 0.842508034051 5.50543757908 0.923951859423 6.06938603595 0.957015511557 6.64078300166 0.945284730224 7.12466025822 0.974639286652 7.64833845838 0.837661870299 8.14944971344 0.687957064048 8.57586292502 0.538660821393 8.98366542667 0.466826087853 9.36622851107 0.355524970556 9.68919598316 0.169016998874 10.0 0.0
0.0 0.0 0.741591546751 -0.0696692451872 1.3796265603 -0.110146482528 2.03417003696 -0.132266816024 2.57547172967 -0.292315293353 3.180033663 -0.292932467111 3.77615347399 -0.277757788303 4.31712853863 -0.192339789712 4.94170156218 -0.0896695956129 5.53400943355 -0.0169921768672 6.01145767804 0.131079786739 6.56435363417 0.131681154547 7.04977225106 0.233712731698 7.38482293279 0.234199796123 7.73964754764 0.317136200947 8.14172831623 0.263117703111 8.515398779 0.397103705007 8.97141245023 0.27650915658 9.2487097212 0.29433092299 9.67951009403 0.140752477402 10.0 0.0
0.0 0.0 0.707973161156 -0.263559680976 1.41350433557 -0.55602423226 2.01052847673 -0.714897544643 2.56147076665 -0.764157827136 3.16328175072 -0.833862516084 3.74934643492 -0.967932342715 4.30746087551 -1.04159891793 4.83116574639 -0.983389011806 5.39821516033 -1.07172183763 5.918735461 -1.08490971373 6.48123211412 -1.1222855611 7.07472052433 -1.07475174669 7.51222867698 -0.947234236541 8.01730163746 -0.850361266448 8.49810045033 -0.607951224606 8.85396316743 -0.54257268046 9.25475638992 -0.419973194039 9.59080645277 -0.276668771142 9.85708723447 -0.180222297107 10.0 0.0
Autocorrelation
1 0.751138576926
2 0.639325646843
3 0.563842970286
4 0.502191852215
5 0.450442675471
6 0.404056229106
7 0.367396663046
8 0.337865950538
9 0.309760592875
10 0.27983609552
11 0.254778734402
12 0.236828880054
13 0.217787234136
14 0.198735584133
15 0.181199250468
16 0.163514764666
17 0.151899189118
18 0.143928160602
19 0.130794424371
burnin 10 skip 2
Sampling time = 10.9260001183
Mean 0.0 0.0 0.612729788898 0.0557502981514 1.20214475509 0.113879413849 1.79706955922 0.162063635813 2.34149444049 0.219513898669 2.90818693903 0.287459055014 3.47476272642 0.291029681336 4.00316289148 0.316810590182 4.52401518455 0.336294616367 5.00643058885 0.362893094485 5.4980355689 0.359609627699 5.95114545463 0.352588695629 6.43140973878 0.349439943498 6.88933900244 0.349672972723 7.36045187054 0.32231631435 7.80389207188 0.255551564102 8.23568868016 0.212274189365 8.70891945442 0.15076008434 9.15765492389 0.0974988320559 9.58611862794 0.0619144381889 10.0 0.0
Mean moving average
0.0 0.0 0.673051536488 0.199217701831 1.30478676994 0.383787403623 1.86947530751 0.583302988758 2.3416161914 0.758985282878 2.93636158655 0.843487362482 3.40460874911 0.902797639317 3.95062230603 0.952751730466 4.37875883591 0.882797843558 4.77358545355 0.874989460008 5.19704660498 0.849460622712 5.71807983753 0.804131658414 6.25207245693 0.801672800412 6.64544601955 0.742020082278 7.26200449949 0.752058918054 7.67888235147 0.644578561772 8.14520878604 0.606578698585 8.68617015413 0.326069119795 9.07663650494 0.277284755383 9.58355710462 0.166228062545 10.0 0.0
0.0 0.0 0.5802059283 -0.029965939613 1.0733608441 -0.069333889817 1.60886297139 -0.122622128662 2.2620921301 -0.216911770784 2.81432612914 -0.208366642709 3.30932846406 -0.132670445879 3.89413590035 -0.0720749621866 4.54447304888 0.00680530770942 5.08240407136 -0.126730371749 5.57922111901 -0.0852027675109 5.98785451478 0.00265372739531 6.55117132947 -0.0612274921502 7.02165178338 -0.0215768862984 7.47204756978 -0.144529419379 7.8937769664 -0.24936056309 8.35490685338 -0.255702540748 8.77230541231 -0.148418716017 9.14375368412 -0.0505179656702 9.61257428149 -0.0632564438156 10.0 0.0
0.0 0.0 0.648136232371 0.123523317885 1.17995570411 0.268188981567 1.82005993493 0.36292457084 2.29920668009 0.436181744358 2.89916383735 0.574174908965 3.48313273748 0.553798985137 4.0372380906 0.55493994753 4.54251211239 0.648859894568 4.99730379411 0.763728127647 5.50807901008 0.624175318363 5.77862105539 0.623780619684 6.19512157813 0.62414224029 6.6846250836 0.587989245649 7.10339556321 0.534180077631 7.60549632048 0.596824273246 8.01824429052 0.453406998069 8.53669332305 0.399845789765 8.98014675665 0.195455902396 9.47527076818 0.010135871557 10.0 0.0
0.0 0.0 0.718120269215 0.010173102099 1.48864146616 -0.0680793139403 2.1897108078 -0.0997481959286 2.81931936588 -0.142369016531 3.37711380223 0.0441911912193 4.05547368923 0.114826748622 4.59162773264 0.262038425643 5.17210621213 0.267476170082 5.58102956223 0.462539181398 6.04120127054 0.516580166033 6.53506932434 0.506517862129 7.01124055747 0.413440332015 7.29035577318 0.394659939719 7.72626413891 0.437679717915 8.11333688464 0.326399401893 8.50703102579 0.220930819546 8.8646985815 0.199174178985 9.36426658019 0.154425326259 9.67047805502 0.107943578408 10.0 0.0
0.0 0.0 0.506014263932 0.0860924812775 1.02263505757 0.0625473165628 1.60049439113 0.19651560494 2.01664136661 0.286751952358 2.57536885633 0.325334384677 3.12270102783 0.250378436854 3.71264568354 0.165756051966 4.25071508557 0.320031307121 4.7813026335 0.346697313262 5.33146872399 0.188215740209 5.77953106635 0.0863763200694 6.24619019061 0.213520887695 6.7779521648 0.0838991309761 7.29350060599 0.0311674065368 7.79928111559 0.0407595926743 8.25314361558 0.0396436762256 8.72155655466 0.00882801937091 9.20460194083 0.0617329824876 9.64012032034 0.0882535730132 10.0 0.0
0.0 0.0 0.513917576804 -0.0541897461931 1.05409361063 0.0173455861668 1.53081743248 -0.0433196681856 2.06379154523 0.0547087930548 2.62437917445 0.0634390870306 3.31484672589 0.0304769618467 3.8051198584 0.115508215142 4.33902370095 0.0969948377173 4.90269703515 0.00958701186298 5.38280440966 0.0663027575485 5.89685515009 0.0821542773499 6.35225950068 0.216861437062 6.85096992265 0.274115650647 7.25105663169 0.206730401129 7.68354363541 0.144220437031 8.14552833157 0.199527506632 8.62203386348 0.187007290403 9.08655114978 0.136520367393 9.54251079813 0.142849386404 10.0 0.0
0.0 0.0 0.591897203742 -0.00965514298115 1.17895952408 -0.039414835185 1.80218338786 -0.0467399706383 2.30843400758 -0.0670160615 2.87817163097 -0.0597641585085 3.41223223998 -0.167583434814 3.79305958103 -0.229315601861 4.21078111081 -0.272419914017 4.69288850046 -0.273530272989 5.11955844903 -0.287661124508 5.62714156696 -0.249304430147 6.11329829385 -0.210156058741 6.67883758662 -0.15019298634 7.13944217338 -0.0549572137201 7.7005383919 -0.162879709352 8.17824953677 -0.112565810982 8.64937800364 -0.0453250454488 9.0834995715 -0.0157982282161 9.53123807317 -0.0127504021528 10.0 0.0
0.0 0.0 0.588673452882 0.14913856886 1.17169327368 0.323647460176 1.71663414082 0.39829648917 2.25239751851 0.637426044838 2.83342070974 0.758532080205 3.30691201321 0.758875630125 3.82615117193 0.755445011369 4.37263502877 0.725396458367 4.84586420598 0.689444317223 5.3075523084 0.691277473991 5.78745558764 0.693687569574 6.23364836718 0.541744264184 6.73373679315 0.537805034263 7.13326181125 0.435946622807 7.55543943973 0.441057928685 7.89045635968 0.324330166436 8.42992287209 0.107772255219 8.94719419563 -0.0251746713156 9.49094408822 0.0800578496327 10.0 0.0
0.0 0.0 0.623222281375 0.113947421173 1.29445472415 0.325861889217 1.92272531139 0.514539089821 2.53213609164 0.672163889356 2.98725719555 0.784263957482 3.55440402792 0.787751292743 4.00246332042 0.769989699064 4.51245299536 0.694205805639 4.96998261773 0.801195968126 5.56469422958 0.861761622558 5.9939663269 0.790039448406 6.41353366094 0.722993721171 6.80754783903 0.754931136674 7.35210126265 0.722365692543 7.74450193481 0.519689963217 8.17795062526 0.422405141869 8.66473708215 0.298650811348 9.16448229621 0.170077897182 9.53022829405 0.0952617932401 10.0 0.0
0.0 0.0 0.68405914387 -0.0307787828232 1.25286657649 -0.0657564598843 1.90973190687 -0.122512421987 2.51930950781 -0.224781871343 3.15630646798 -0.2507016207 3.78398758946 -0.188355000592 4.4185652699 -0.106932615307 4.91669371467 -0.00720154707598 5.43724801448 0.0810102100587 5.94872956372 0.171186467596 6.40688011629 0.185849903413 6.94556145252 0.231407303041 7.40226705841 0.293079379659 7.8714444491 0.302520939978 8.26412367838 0.254225754945 8.68616737704 0.224187238015 9.14169869715 0.173997139977 9.52541655904 0.0709819546585 9.78426449619 0.00442111305751 10.0 0.0
Autocorrelation
1 0.617170577146
2 0.483281581643
3 0.384710993087
4 0.313675884342
5 0.26126239296
6 0.211778558666
7 0.170145578843
8 0.14159389542
9 0.108933650329
10 0.0930993360742
11 0.0854081231201
12 0.0703397839097
13 0.0603714394776
14 0.0543650171834
15 0.0516481091989
16 0.0332470615552
17 0.0264752905087
18 0.0243145384127
19 0.0266355495017
burnin 10 skip 10
Sampling time = 53.2489998341
Mean 0.0 0.0 0.5525621137 -0.0171277416722 1.13167549743 -0.00815565147133 1.7090062131 -0.0044160273399 2.25991886075 -0.0383005817931 2.77937692874 -0.0926161519581 3.26865819095 -0.0664346541475 3.79470855073 -0.0373473200216 4.32176287341 -0.0364316511816 4.83074475371 -0.0315722113721 5.3707353807 -0.00446302962247 5.8659867862 -0.0487234647073 6.3364715183 -0.0793271179872 6.80770139967 -0.0841971656216 7.2917148676 -0.104197132976 7.76228775722 -0.0908405673386 8.20902297569 -0.0841237246284 8.67550309279 -0.0383199700734 9.13648331039 0.00490234254071 9.57921208618 -0.0222076200615 10.0 0.0
Mean moving average
0.0 0.0 0.546000063905 -0.0575041323116 1.14827993576 -0.128302150621 1.69146690929 -0.223622882463 2.20827665831 -0.223489097551 2.82038916254 -0.241644928017 3.28426839211 -0.148795192512 3.80042381057 -0.145130892459 4.33853908648 -0.124610962809 4.89767905942 0.00653177432561 5.45883686156 -0.0275488669062 5.87680727711 -0.170538771674 6.28695973387 -0.127985364033 6.77625941802 -0.0828502445432 7.28580476033 -0.0545549802114 7.80055276744 0.0375166264979 8.24313047319 0.0164956319164 8.74595850048 0.0855251639783 9.1546006501 0.162820944442 9.58790157184 0.117471134634 10.0 0.0
0.0 0.0 0.527762988379 -0.0535177059924 1.04312587692 0.0381033477084 1.55988482436 0.214090579657 2.11756974006 0.209659439874 2.59342843716 0.187268587982 3.03594892114 0.239886651008 3.61425976089 0.128639129592 4.12373712938 0.103052646482 4.57606917479 -0.0808564335726 5.18552655978 -0.0459597790591 5.70554685583 -0.0696343788641 6.19402019411 -0.128577672421 6.71477470174 -0.108706262004 7.25929054144 -0.0926798342635 7.66440489486 -0.108954281334 8.18204519353 -0.0443361755855 8.64693951279 -0.0269108260609 9.16211001555 -0.0803058607249 9.60457970884 -0.0907649378396 10.0 0.0
0.0 0.0 0.524045715532 -0.0557960899269 1.03639288904 -0.114700866673 1.66377094026 -0.175899269625 2.30914847756 -0.314736755219 2.85394619038 -0.361578436605 3.35434819895 -0.343683592354 3.85436250785 -0.38200506308 4.38359045251 -0.442559511634 4.92152051295 -0.464170301512 5.47738891553 -0.360148786853 5.97107974566 -0.438925327098 6.41019972044 -0.510434783884 6.83269358759 -0.59155924106 7.34141669085 -0.509276461202 7.84846985373 -0.464536563521 8.28508352942 -0.333735672755 8.74366785389 -0.150810202139 9.0837193556 -0.0239230625178 9.6109399365 0.0153592918854 10.0 0.0
0.0 0.0 0.606813592607 0.033412543827 1.22686227112 0.0217421611052 1.73549446062 0.0337116586003 2.23609832387 0.021078582084 2.73212066718 0.096270142179 3.21870398662 0.136251198197 3.80952882277 0.247843221118 4.39321146158 0.274675812792 4.79460296115 0.334540000306 5.30250791127 0.323551340859 5.81885996441 0.292209672689 6.32011908416 0.195798733674 6.7518187837 0.207867516829 7.20642507522 0.212381265647 7.71762236464 0.312068448803 8.1378152213 0.190967965768 8.5247585036 0.171022542194 9.0366204083 0.18355044327 9.54280237704 0.0867922263979 10.0 0.0
0.0 0.0 0.531883080013 0.0235920079026 1.14390514475 0.172119720073 1.68247311304 0.174061275738 2.21434469816 0.184505324216 2.72830321897 0.127958542209 3.14353321063 0.108995248048 3.72312019644 0.156099927222 4.19094022484 0.142459144097 4.76790166805 0.044173326627 5.3431994351 0.171124003075 5.86820340268 0.22388300887 6.26563611128 0.287985457188 6.69888270002 0.17141179114 7.26837405976 0.154524301575 7.67950004135 0.15905240876 8.17431510513 0.170038760679 8.64147098632 0.126894869795 9.10259697028 0.127971605159 9.55123798308 0.0718634632125 10.0 0.0
0.0 0.0 0.635314734555 0.0400150872062 1.2350815867 0.0348760781631 1.85306446058 0.0243152300807 2.38522188811 0.0643162758682 2.85005122806 -0.152016896078 3.35073990455 -0.0956292766566 3.81605610333 0.0999123086383 4.31456340585 0.169220614908 4.84099715808 0.193534002626 5.46413252348 0.180634964684 6.0126503455 0.209515182237 6.46881816198 0.202294213299 6.96098550136 0.283669197761 7.3922352101 0.178016411374 7.81271736561 0.0730259200996 8.23789797707 -0.028927138166 8.68102127953 -0.0366107692652 9.17150145645 -0.053899665572 9.63731572124 -0.0857979593163 10.0 0.0
0.0 0.0 0.527243393381 0.0121436170683 1.09700676811 -0.0683651451826 1.62010473199 -0.0838021932859 2.20600174769 -0.171804758858 2.76981133662 -0.183349341992 3.28339251307 -0.155088080988 3.82266225007 -0.166715825007 4.47896693307 -0.202092992024 5.04455999579 -0.149585205539 5.51327874756 -0.211721114554 5.9846289779 -0.272757742561 6.42060020042 -0.254995406521 6.80491144621 -0.331509307002 7.24197779986 -0.410295721353 7.75346155253 -0.409271579781 8.22164775084 -0.286295015365 8.7433127804 -0.224888520076 9.20122254724 -0.0255602155017 9.54212466413 -0.138646236653 10.0 0.0
0.0 0.0 0.477190466511 0.0197004385396 1.08973468347 0.039857025464 1.72531873089 0.0281126181828 2.2104737207 0.0530212273182 2.70981910455 -0.017060196165 3.26871749416 -0.00765802715175 3.73427756498 0.0668367196696 4.19772207033 0.00963656956957 4.77645057851 0.0734543637365 5.28114099687 0.11107319898 5.8019228563 -0.00454991812884 6.24664653579 -0.036203690427 6.7871667756 -0.057886344692 7.26453194225 -0.147819995049 7.77041128009 -0.0957666523306 8.21276270382 -0.0160557942272 8.66084018365 -0.0365712610144 9.09565547407 -0.0966021916147 9.51643978319 -0.0838375755257 10.0 0.0
0.0 0.0 0.591917822658 -0.0421528799461 1.166403364 -0.044133864563 1.80905515563 -0.0672987243938 2.34775199273 -0.194249966963 2.88045141721 -0.311742683313 3.32100442487 -0.390214745711 3.86369658834 -0.376058721567 4.39893549381 -0.346078815986 4.89469283227 -0.420351206584 5.41352988717 -0.355198989423 5.94143887139 -0.29233909309 6.51573342178 -0.409564427374 6.98604080368 -0.364361257297 7.40249291627 -0.319605752189 7.79614708957 -0.319119947444 8.23289743536 -0.393560061442 8.69318061679 -0.185722674371 9.22387871985 -0.154803433815 9.60530100689 -0.12292573756 10.0 0.0
0.0 0.0 0.557449279457 -0.0911703030886 1.1299624544 -0.0327528201878 1.74942880437 0.0321714341098 2.36430136027 -0.0113060886999 2.85544852473 -0.0702663097832 3.42592486339 -0.00841072335427 3.90869790208 -0.00289400434216 4.39742247627 0.0519809827891 4.7929735961 0.147007565866 5.26781196872 0.169563732972 5.67872956521 0.0359027205465 6.23598201918 -0.0115882393726 6.76348027882 0.0319524946525 7.25459967993 -0.0526605640893 7.77959036241 -0.0924200531365 8.16263436727 -0.115829747106 8.6738807104 -0.105128023776 9.13292750644 0.00977486228173 9.59347810903 0.00841013015027 10.0 0.0
Autocorrelation
1 0.296083859248
2 0.133712883835
3 0.0493661897242
4 0.00938282169924
5 -0.00227941057529
6 0.0161196699
7 0.0315733101832
8 0.0164727936469
9 0.0176680519929
10 -0.0121024605774
11 -0.0111493102028
12 -0.0132715565635
13 -0.0199468664559
14 -0.0234520110623
15 -0.0132635131192
16 -0.0107658467382
17 -0.0198381673916
18 -0.0230739472665
19 -0.0170717972915
Particle set Gibbs sampling
burnin 1
Sampling time = 11.9329998493
Mean 0.0 0.0 0.5 0.866025403784 1.0 1.73205080757 1.5 2.59807621135 2.0 3.46410161514 2.5 4.33012701892 3.0 5.19615242271 3.5 6.06217782649 4.0 6.92820323028 4.56997446679 7.21866417433 4.99435518506 7.1375443342 5.50921295464 6.74094864983 6.02511368196 6.20031201291 6.52202929629 5.54994086603 7.03371439793 4.8414219707 7.53859651812 4.07602753297 8.03130471207 3.27685419803 8.52530571187 2.45904816025 9.02204305789 1.63184239108 9.51305638019 0.817436624242 10.0 0.0
Particle set Gibbs sampling
burnin 2
Sampling time = 24.2259998322
Mean 0.0 0.0 0.5 0.866025403784 1.0 1.73205080757 1.5 2.59807621135 2.0 3.46410161514 2.5 4.33012701892 3.0 5.19615242271 3.53758274762 5.89865082439 4.03416338818 6.30398255068 4.52113830243 6.44232213427 4.99255567328 6.35618895899 5.49655585685 6.09798860646 6.01941886961 5.64496378941 6.5419134217 5.11387696675 7.06725058704 4.47105390181 7.58046828387 3.78186150045 8.05420763646 3.03170320751 8.55129730282 2.26569819341 9.04891947215 1.49532576132 9.53886266896 0.760067222144 10.0 0.0
Particle set Gibbs sampling
burnin 3
Sampling time = 40.6180000305
Mean 0.0 0.0 0.5 0.866025403784 1.0 1.73205080757 1.5 2.59807621135 2.0 3.46410161514 2.52110885505 4.27810714339 3.04383773141 4.98183255009 3.5669035592 5.50700165458 4.0981235192 5.7627535854 4.5731077312 5.86930499924 5.04180908352 5.78590381932 5.57069243767 5.55026449013 6.08474266889 5.19713087523 6.6081399326 4.69143468612 7.10828318406 4.12011077792 7.60323396646 3.48267265938 8.10119163109 2.79460082326 8.60066278053 2.10535233664 9.06400540307 1.36493088627 9.53125045054 0.672113430761 10.0 0.0
Particle set Gibbs sampling
burnin 4
Unable to find gibbs sample in 10,000 iterations
distance 2.99999893418 <= 3.0
Warning, gibbs step failed
Sampling time = 69.1530001163
Mean 0.0 0.0 0.5 0.866025403784 1.0 1.73205080757 1.50911112175 2.58351019664 2.0399345411 3.37616899311 2.55193004054 4.08445650939 3.05958527845 4.6678688253 3.56733285076 5.08235281108 4.06675210868 5.32295889865 4.5665222529 5.40891050447 5.08941890132 5.33503683365 5.60058600298 5.08965903163 6.15355323149 4.7744499827 6.65135637922 4.33262401886 7.16466101014 3.7913461148 7.65593063075 3.19807846892 8.1596340274 2.56612250751 8.64391647519 1.92305364345 9.11543288961 1.25234377966 9.56463013608 0.626766401904 10.0 0.0
Constrained rejection sampling
1000 / 799298 within tolerance
Sampling time = 449.325999975
Mean 0.0 0.0 0.505210291778 0.00235634742029 0.9833941632 -0.0190973711445 1.50919643046 -0.00969096254537 2.01118371856 -0.0476247777697 2.53026038741 -0.0267053320978 3.02226171177 -0.0634049406689 3.50710524226 -0.0499781477608 4.0189146912 -0.0554575911497 4.52065188227 -0.032829125792 5.00212516608 -0.0400388028748 5.52510490011 -0.0188297615583 6.03188412656 -0.0113225074199 6.5557945017 0.000323351813944 7.05354219072 -0.0254850012583 7.54569244259 -0.0214168256618 8.05984846702 -0.0333827779807 8.5484327451 -0.0288166075306 9.04415271299 -0.0163226376211 9.55860644254 -0.0057513599779 10.0 0.0
Mean moving average
0.0 0.0 0.496856509092 -0.146156266617 0.927445357029 -0.230532357046 1.50091517437 -0.287546240095 2.10649522965 -0.286372485073 2.60560468468 -0.133252316659 3.18840724594 -0.0668051179378 3.64785913002 -0.0347573565757 4.15610578345 -0.00039679385988 4.60277634679 0.0136964475953 5.10702147948 0.0637402409404 5.5721402721 0.130961197621 6.11368417618 0.208248544011 6.7044100435 0.169381755836 7.19257189517 0.185695849578 7.67030061648 0.13081711498 8.19420975488 0.0389456803581 8.70971189526 0.158145443895 9.17382304945 0.0724291985595 9.60692826254 0.0204410114646 10.0 0.0
0.0 0.0 0.475107700119 0.0314791118038 0.902929853811 -0.0416841601233 1.4622535468 0.0228965293847 1.92533382395 -0.0133393970788 2.44455329143 -0.074292554236 2.90601352206 -0.1323288765 3.46236527699 -0.134988459386 4.0390727454 -0.071716986672 4.62254404016 -0.166439402163 5.10132873722 -0.174670523483 5.54219881189 -0.184042048521 5.99435084244 -0.180717405439 6.50182886447 -0.0851483546319 6.95213866516 -0.0281069502797 7.46221466345 -0.0661095325329 8.0771272087 -0.158666879538 8.54172991768 -0.121740599267 9.02088235038 -0.0671205567995 9.50546807344 -0.00992365265636 10.0 0.0
0.0 0.0 0.516702668016 -0.0148082967855 0.936203680653 -0.0104899758039 1.47000090922 0.0985506094461 1.99168340492 0.121401377607 2.54010956046 0.0906503648301 3.00989421187 0.0389210700646 3.52079318521 -0.052984954221 4.06109456528 -0.0694517432096 4.58872260539 -0.196263059868 5.0551162341 -0.201211396538 5.5276643803 -0.173368627134 6.02146864771 -0.132754092414 6.43883862103 -0.0432190692889 6.95339232599 -0.105080385443 7.54107032609 -0.0992098834655 8.0514330486 -0.0112837922704 8.58135393549 -0.0282261770339 9.15073023727 0.0145341805829 9.60742966764 0.0437867794267 10.0 0.0
0.0 0.0 0.516075113169 -0.00497860154248 1.07716037723 0.00966261009766 1.59191467928 0.0170609620947 2.13293942063 -0.0411748176815 2.62469622485 -0.0222302811429 3.1665079097 -0.0861982092295 3.68749586167 -0.0258218701392 4.17425274246 -0.12505532114 4.68230285262 -0.0396077717296 5.17241218981 -0.0547696702111 5.73002032001 -0.0420276066284 6.20601496257 0.00340275773128 6.7173079111 -0.0200616052078 7.2091044415 -0.193165698957 7.594865137 -0.145151975413 8.06977141824 -0.113243762999 8.46394944981 -0.1273076356 8.93084282028 -0.145585770873 9.55981689247 -0.037654384488 10.0 0.0
0.0 0.0 0.546503063722 0.00273241553041 1.00786790583 0.0657952845995 1.51567600481 0.1671406949 2.02237661394 0.107272797407 2.47655027756 0.147783266221 2.98919533841 -0.0261260851299 3.45852079298 0.001083483832 3.9768987845 -0.0687750774256 4.52074100568 -0.0592637527762 4.99639933064 -0.0663466396883 5.58273651536 -0.0197157803994 6.18032735649 -0.0413620511975 6.60530815215 -0.0276643700133 7.09122421156 -0.104610809481 7.46679320291 -0.0683618701276 7.933121614 -0.0728049788457 8.50952564293 0.00823622118485 9.03796766908 -0.00460677453115 9.58426199533 -0.0219128999671 10.0 0.0
0.0 0.0 0.438792114068 -0.0340510732554 0.921344525946 -0.0559540743208 1.50964114438 -0.040841722928 2.03999156716 -0.098359940957 2.54505738791 -0.119674525242 2.98865137752 -0.166140926775 3.45438783434 -0.287173212972 4.08086478883 -0.29888681557 4.54828785598 -0.212375185818 4.95443945349 -0.167475364176 5.53162605205 -0.170086334839 6.0557963399 -0.134020731615 6.70173391412 -0.116256988803 7.16420803815 -0.128097920795 7.68974661378 -0.0993048840075 8.07010881339 -0.0650624342973 8.53668155754 -0.0489742941277 9.00316742628 -0.00798685589327 9.49117946788 -0.0793498292437 10.0 0.0
0.0 0.0 0.476288685075 -0.0137892690063 0.940609230163 0.0299644936341 1.3914159767 0.0023696243713 1.97924566585 -0.0411192764728 2.51199026621 -0.041272959039 2.92401754853 -0.164779983834 3.4272973228 -0.0967785539521 3.90718443836 -0.0143470600182 4.44392591769 -0.043748653707 4.86013103431 0.0423340975637 5.43180824001 0.0719872301056 5.96489299004 0.145379191293 6.51855289322 0.157773903374 7.02971826795 0.0595429155941 7.50310036227 0.1476020891 7.98530109901 0.0758107080534 8.48703938416 -0.0116950674605 9.03098617961 -0.0205044871155 9.60103072422 -0.0625219683722 10.0 0.0
0.0 0.0 0.58215493287 0.0108843146872 1.06137034712 -0.0726649820123 1.59846745246 -0.0921047131111 2.06492574438 -0.197675454616 2.6127548761 -0.205294655017 3.16075108959 -0.210738843621 3.50163568534 -0.0445749923832 3.93528002827 -0.00302657389065 4.35277042921 0.0824659018759 4.8055758735 0.0415884810525 5.40664136607 0.0469075151266 5.91887887958 0.0331304186204 6.42868926623 0.00232945548258 6.91809037091 0.084485907331 7.45137773201 0.0499070328055 8.04459831206 -0.00575798272262 8.50049013565 -0.0897102425319 8.9536099398 -0.0485692249731 9.50264508279 0.0178904259513 10.0 0.0
0.0 0.0 0.488176195749 0.122061018085 1.01200208904 0.099001905596 1.43078656788 0.0689521426112 1.83851307029 0.0501689961836 2.33581088096 0.108561216506 2.81933508834 0.183967866951 3.28681848417 0.183029808708 3.86113348121 0.19609727215 4.36518078749 0.27497719275 4.90371337039 0.196221730548 5.43193196097 0.226297930585 5.93876318914 0.157408327727 6.5264416617 0.11885022908 7.0925584343 0.146493314273 7.56623756986 0.097267085487 8.13702157984 0.0910429559356 8.61243258525 0.0727725220706 9.0645819465 0.101086234226 9.54514495142 0.0554431434055 10.0 0.0
0.0 0.0 0.515445935898 0.0701901213029 1.04700826518 0.015927543935 1.62089284871 -0.0533875121282 2.01033264488 -0.0770495770154 2.60547642391 -0.0180308771994 3.06984378568 -0.00382030067797 3.62387884908 -0.00681537051908 3.99725955419 -0.0990168118605 4.47926698165 0.0182670259209 5.06511395789 -0.079798984755 5.49428108232 -0.0752110914995 5.92466388159 -0.171940032916 6.41483368951 -0.152751437687 6.93241525648 -0.172006234404 7.51121820203 -0.161623433444 8.03579182147 -0.112807293481 8.54141294726 -0.0996662464354 9.07493551125 -0.0569023193937 9.58215930763 0.0162877747003 10.0 0.0
Autocorrelation
1 -0.0101237823596
2 0.00579681592662
3 0.0070775528776
4 0.0227064947333
5 -0.00929323953956
6 -0.0151718623912
7 0.000615392137163
8 0.0159332589337
9 -0.00868382136059
10 -0.00791700298854
11 -0.00102301830863
12 -0.0116071842086
13 -0.00394750621323
14 0.00191361638172
15 -0.00602995845204
16 -0.0103758232446
17 -0.0197736213836
18 0.00685080078198
19 -0.0170166475941
