0.263073, 0.545278, 1.741062
1162, 223
0.174475, -0.261712, 1.512114
1142, 727
-0.687834, -0.256252, 1.636415
571, 719
-0.332938, 0.216971, 1.361681
760, 397
0.580326, 0.168398, 0.943029
1685, 362
-0.098408, -0.271223, 0.873674
927, 899
0.207140, 0.009502, 0.691735
1361, 541
-0.034708, -0.308517, 1.403753
986, 786
0.105696, 0.459116, 1.202290
1103, 167
0.048606, -0.210628, 0.589759
1153, 938
-0.532565, 0.518171, 1.309822
575, 139
-0.060836, 0.042750, 0.598497
946, 486
-0.270288, 0.065482, 0.507139
520, 423
0.272368, 0.028750, 0.550788
1598, 496
